data/mini/grids/elevation.asc
ncols        24
nrows        23
xllcorner    654713.606125500752
yllcorner    5749271.132471829653
cellsize     18.813379541466
NODATA_value 32767
 816 815 814 812 810 809 807 807 807 807 806 806 809 811 814 819 822 825 827 831 837 845 848 853
 815 814 813 810 807 805 805 805 805 806 807 806 809 812 816 820 826 831 833 837 843 846 848 852
 813 815 815 810 805 803 803 803 803 804 806 806 809 813 817 821 826 832 835 837 841 844 848 850
 811 813 815 810 803 800 800 801 802 803 804 806 810 814 818 822 825 830 832 835 837 841 844 846
 810 812 810 804 798 795 796 799 800 801 803 805 809 813 818 820 823 826 829 831 834 837 839 841
 807 806 803 796 794 793 795 797 798 799 800 802 808 813 815 815 818 823 825 827 830 832 835 837
 803 799 795 791 791 793 794 796 797 797 799 800 804 809 811 811 814 818 822 824 826 829 831 833
 799 794 790 788 790 792 794 795 795 796 797 798 801 804 806 808 811 814 818 821 823 825 827 829
 796 792 788 787 789 791 793 794 793 794 795 795 798 800 802 805 809 812 816 819 820 822 824 826
 794 790 788 787 787 790 793 794 792 793 793 793 795 797 800 804 808 811 815 817 819 820 821 823
 795 792 790 788 786 789 791 792 793 793 793 792 792 794 798 802 806 810 814 816 817 817 818 819
 795 793 792 789 786 787 790 793 793 793 793 793 792 792 795 799 804 808 812 814 815 815 814 815
 793 792 792 789 784 785 789 792 792 792 792 792 791 790 792 793 798 803 808 810 810 810 809 810
 791 791 791 787 783 782 786 789 790 790 790 790 789 789 790 790 794 799 804 806 805 805 804 805
 789 789 790 786 782 779 782 785 786 788 788 788 788 789 790 790 791 795 799 801 801 800 800 801
 788 788 788 785 781 777 779 782 783 784 785 786 787 788 789 789 790 791 795 797 797 795 796 798
 787 787 787 784 781 777 777 779 781 782 782 782 784 785 786 787 787 788 790 792 792 791 792 795
 785 785 785 783 780 776 774 776 777 778 779 779 780 782 783 784 785 785 785 786 787 786 790 791
 784 784 784 781 778 774 773 774 774 774 775 774 776 778 780 781 780 780 779 780 782 782 784 783
 782 783 783 780 776 772 772 772 771 771 771 771 771 773 775 776 776 774 773 774 777 778 778 778
 780 781 782 779 774 771 771 771 769 768 768 768 768 769 771 771 772 770 769 771 773 774 774 774
 778 780 781 779 774 771 770 769 768 768 768 768 768 768 768 768 768 768 768 769 770 770 770 771
 777 779 780 778 774 770 769 768 768 768 768 768 768 768 768 768 768 768 768 768 768 768 768 770
