data/bc3/bc21_elevation.asc
ncols        615
nrows        593
xllcorner    450276.719734181184
yllcorner    6016042.974929849617
cellsize     18.758564863640
NODATA_value 32767
[rows 126 to 167 of 593, columns 282 to 375 of 615]
866 866 866 866 866 865 865 865 864 862 860 860 862 866 871 877 879 877 874 871 868 869 870 870 870 870 871 871 868 866 865 864 862 860 860 858 857 856 856 857 857 856 854 853 852 850 852 853 853 852 853 852 850 849 849 850 851 851 851 851 851 851 851 850 849 850 850 852 853 854 854 854 854 854 854 854 854 854 853 853 853 851 851 849 849 849 848 848 848 848 847 847 846 847
867 867 866 866 866 866 865 865 864 863 861 861 864 868 873 878 878 875 872 870 869 871 871 871 872 872 873 871 868 867 865 865 863 862 860 859 858 858 857 858 858 858 855 854 852 851 853 854 855 853 853 851 850 849 849 849 851 851 851 851 851 851 852 851 850 851 851 853 853 854 856 856 856 855 855 855 855 855 855 855 854 853 851 851 850 849 849 849 849 848 848 848 847 847
868 867 867 866 866 866 866 865 864 864 861 861 864 868 872 875 875 872 870 870 872 875 874 872 872 874 873 871 870 868 867 865 864 863 861 861 859 859 859 859 859 858 857 855 853 852 852 855 855 853 852 851 849 848 849 850 852 851 851 851 850 851 851 850 850 852 852 854 854 855 857 857 857 857 856 856 856 856 856 856 855 854 853 852 851 851 850 849 849 849 849 849 849 848
868 868 867 867 867 866 866 865 865 863 861 861 864 867 869 873 871 871 873 876 877 876 874 872 872 872 874 873 870 869 867 867 866 864 863 861 861 860 860 861 861 860 859 857 856 855 854 855 854 852 851 850 850 850 850 852 852 852 852 851 851 850 850 850 851 853 853 854 855 857 858 858 858 858 857 857 857 857 857 856 856 855 854 853 852 852 851 851 850 850 850 849 849 850
869 869 868 867 867 867 866 865 865 863 861 861 864 867 869 874 875 876 878 877 875 874 873 871 871 872 873 874 872 870 869 868 866 866 865 863 862 861 862 862 862 862 861 859 858 858 856 856 854 852 852 851 851 851 852 852 852 853 852 851 850 850 850 851 852 853 854 855 857 858 859 860 859 859 859 858 858 857 857 857 856 855 855 854 854 853 853 853 853 852 852 851 851 851
869 869 868 868 868 867 867 866 865 864 861 861 864 869 873 877 879 878 878 876 873 872 872 872 872 872 873 873 873 872 870 869 868 867 866 865 863 863 863 863 862 863 863 862 860 860 859 857 855 853 852 852 852 852 853 854 854 853 852 851 850 850 850 851 852 853 855 856 858 859 860 861 860 860 859 858 858 858 858 857 857 856 855 855 855 855 855 854 854 854 853 852 852 852
869 869 868 868 868 868 868 867 866 864 862 862 866 872 876 877 876 877 875 873 873 872 872 872 872 873 873 874 874 873 872 871 870 868 867 866 865 864 864 863 863 864 865 864 863 862 860 857 854 853 852 852 852 852 855 856 855 853 852 850 850 850 850 851 853 854 855 857 859 861 862 862 861 861 860 859 859 858 858 858 857 857 857 857 857 857 857 857 856 856 854 854 853 853
869 869 869 868 868 868 868 867 866 864 863 865 870 875 878 872 872 874 872 872 873 873 873 872 872 873 874 875 875 874 873 871 871 870 868 867 866 865 865 864 864 865 867 866 865 863 860 857 853 853 852 854 855 855 857 857 854 853 852 851 851 851 852 853 853 855 856 858 860 861 863 864 862 862 861 860 860 859 859 859 859 859 859 859 858 858 858 857 857 857 856 855 854 854
869 869 869 869 868 868 868 867 866 865 866 866 873 876 874 867 871 871 871 871 872 872 872 873 873 874 875 875 876 875 874 873 872 871 870 868 867 867 866 866 865 865 868 869 866 863 860 857 853 853 854 856 858 859 859 857 854 852 851 852 853 853 853 854 855 856 858 859 861 862 864 864 864 862 862 861 861 860 860 860 860 860 860 860 859 858 859 858 857 857 856 855 855 856
870 869 869 869 869 868 868 867 866 865 862 863 870 871 871 869 869 870 870 870 870 871 871 872 872 875 876 876 877 876 874 873 872 871 871 870 869 867 867 867 868 870 871 867 864 861 858 855 853 855 856 858 860 861 858 856 854 852 851 852 854 854 854 855 857 858 859 861 862 864 866 865 864 864 863 862 862 862 861 861 861 861 861 861 860 860 859 858 857 857 857 857 857 858
870 870 869 869 869 868 868 867 866 865 864 865 866 867 867 868 868 869 869 869 869 870 870 871 872 874 875 876 878 876 874 873 872 871 871 870 870 870 871 872 873 869 866 864 861 858 856 852 853 857 859 861 862 859 856 855 853 852 852 853 854 855 856 857 858 860 861 862 864 865 866 866 866 866 865 864 863 864 862 862 863 863 863 864 862 861 860 859 858 858 858 858 859 859
870 870 869 869 869 868 868 867 867 866 865 865 866 865 865 866 866 867 867 867 868 869 869 870 870 873 876 878 879 877 875 873 872 871 871 872 873 874 874 873 870 863 860 860 858 854 854 853 855 858 862 864 863 857 855 854 852 852 853 854 855 856 857 858 860 861 863 863 864 866 867 868 867 867 867 866 865 865 864 864 865 865 865 866 865 863 862 860 859 860 860 861 861 861
870 870 869 869 869 868 868 867 867 866 866 865 866 865 865 865 864 865 865 865 866 867 868 869 871 874 878 880 880 878 876 874 873 873 875 875 876 876 873 868 861 857 856 856 855 852 854 857 858 860 864 866 861 857 854 854 852 853 854 855 856 856 858 859 861 862 863 865 866 867 869 870 869 869 868 868 868 867 866 866 867 867 867 868 867 866 865 861 860 861 862 863 863 863
870 870 869 869 868 868 868 867 867 867 866 866 865 865 865 864 863 863 863 862 863 865 866 870 873 877 881 881 881 880 878 877 880 881 881 878 874 870 865 860 857 855 854 852 853 854 857 860 863 864 867 864 860 856 853 853 852 853 854 856 856 857 858 860 861 863 865 866 868 869 871 872 871 870 870 869 869 869 867 867 868 868 868 869 869 868 866 862 860 862 863 864 864 863
870 870 869 869 868 868 868 867 867 867 866 866 865 865 865 864 863 863 861 860 862 866 869 873 877 881 882 882 882 881 879 879 878 876 874 870 867 864 860 858 855 854 852 853 855 858 861 864 867 867 865 862 858 854 852 852 852 853 854 856 857 858 858 861 863 864 867 868 869 871 872 873 872 872 870 870 870 870 869 869 869 870 870 870 870 869 867 863 862 864 864 865 864 864
870 869 869 868 868 868 867 867 867 866 866 866 866 865 865 864 864 862 861 861 864 869 874 879 879 879 880 879 878 877 876 875 874 871 867 865 863 861 858 856 854 852 854 857 859 861 865 868 869 865 861 857 855 853 852 852 852 853 854 856 857 858 860 862 864 866 868 870 871 872 873 874 873 872 871 870 870 870 871 871 871 870 871 869 870 869 868 864 865 866 865 864 864 867
869 869 868 868 868 867 867 867 867 867 867 866 866 866 865 865 864 862 861 861 863 870 871 871 871 873 876 875 874 872 871 870 869 866 864 862 861 860 857 854 853 852 857 860 862 866 869 869 866 859 857 854 853 852 853 853 852 853 854 856 857 859 861 863 865 867 870 871 871 873 873 874 873 872 872 871 871 871 872 872 872 870 868 867 867 869 868 867 867 866 865 864 864 867
869 868 868 868 867 867 867 867 867 867 867 866 866 866 865 865 864 862 861 861 862 868 865 862 863 866 869 871 870 868 867 866 865 863 862 861 858 858 856 854 854 856 860 863 866 870 872 868 861 856 855 854 854 853 853 853 853 854 855 857 858 860 862 864 867 868 871 871 871 872 873 874 874 873 872 872 873 874 873 871 870 871 868 865 867 867 868 867 865 865 864 863 865 868
869 868 867 867 867 867 867 867 867 867 867 867 866 866 866 865 864 862 861 861 862 864 863 862 862 861 863 865 866 864 863 863 862 861 860 858 857 856 856 859 859 861 865 867 871 873 871 866 861 856 856 855 854 853 854 854 854 854 855 858 859 860 863 864 867 869 871 873 872 872 872 873 876 875 875 874 873 872 870 868 868 870 870 867 867 867 867 866 864 864 865 866 868 869
870 869 867 867 867 867 867 867 867 867 867 867 867 866 866 865 864 863 862 861 861 862 862 861 860 860 860 862 861 861 860 860 859 859 857 856 855 858 861 863 864 866 870 874 873 871 870 866 861 856 856 856 855 854 854 854 854 854 855 858 859 861 864 865 868 870 872 874 873 873 873 875 876 875 874 873 870 869 867 867 868 869 870 868 867 867 865 865 864 866 867 869 870 869
871 870 867 867 867 867 867 867 867 867 868 868 867 867 866 866 864 864 863 863 863 863 861 858 857 857 858 857 858 858 857 857 856 855 856 856 856 860 865 868 869 872 874 874 871 868 868 866 861 856 857 856 855 854 854 854 854 855 855 858 860 862 865 867 869 871 873 874 875 874 875 875 875 873 871 870 868 867 866 867 868 868 869 867 866 866 865 864 865 868 869 870 869 867
872 870 867 867 867 867 867 867 868 868 868 868 868 867 867 866 866 865 864 864 864 863 860 857 856 856 856 856 856 856 856 856 856 856 857 857 858 862 867 871 874 875 873 871 868 866 866 865 861 857 858 857 855 854 854 854 854 855 857 858 860 862 865 869 872 872 874 875 876 876 875 874 873 870 868 867 867 868 868 869 869 869 867 866 865 865 865 864 866 869 870 868 866 866
873 870 867 867 867 867 867 867 868 868 868 869 868 867 867 866 867 866 866 865 865 862 860 858 856 856 856 856 855 856 857 858 858 859 859 858 859 863 869 874 876 874 871 868 865 864 863 863 861 860 859 857 856 854 854 854 854 855 860 859 861 862 865 870 874 875 875 875 875 874 873 873 870 869 866 866 869 870 870 869 869 869 867 866 865 865 865 864 867 869 869 868 866 866
873 871 868 867 867 867 867 867 868 868 869 869 868 868 868 867 867 866 866 866 864 863 862 859 858 858 857 857 856 858 859 859 860 860 860 860 861 867 874 876 873 872 870 867 863 861 862 862 861 860 859 857 856 854 854 854 854 857 861 863 864 864 865 872 873 873 873 872 872 871 871 871 869 867 865 864 868 871 870 867 868 868 867 866 865 865 865 864 866 867 868 868 866 866
871 872 870 869 867 867 867 867 868 868 869 869 869 868 868 867 867 867 866 866 865 864 863 861 860 859 859 858 858 859 861 861 862 862 863 863 866 876 876 872 868 868 868 868 864 863 863 862 861 860 859 857 856 854 854 854 854 856 862 867 868 869 870 872 872 871 870 870 870 870 870 869 867 865 863 863 866 869 869 866 866 867 867 866 865 865 865 864 865 866 866 867 866 866
866 869 872 871 869 869 868 867 867 868 868 868 868 868 868 868 867 866 865 865 864 863 863 862 862 861 860 860 859 861 862 862 864 865 865 866 875 877 873 869 865 865 866 866 865 865 864 862 861 860 859 857 856 854 854 854 854 855 860 866 869 869 869 868 868 867 868 868 868 868 868 868 865 863 861 861 864 865 868 865 865 866 866 866 866 865 865 865 865 865 865 867 866 866
863 865 868 872 871 870 869 868 868 868 868 868 868 868 868 868 867 865 864 864 863 863 863 863 863 862 862 861 861 862 864 865 866 867 868 868 873 874 873 868 865 866 866 867 867 866 865 863 861 860 859 857 856 854 854 854 854 854 856 861 864 863 863 863 864 864 865 866 867 867 867 866 864 862 860 860 862 863 865 864 865 865 865 866 866 866 866 866 866 866 866 866 866 865
861 862 865 869 871 871 870 870 870 869 868 868 868 868 868 868 867 865 864 864 863 863 864 865 864 863 863 863 863 864 866 867 868 869 870 869 867 870 871 869 866 867 868 868 868 867 865 864 862 860 859 857 856 854 854 854 854 854 853 855 857 859 859 860 861 863 864 865 865 865 865 864 863 862 860 860 861 862 862 863 864 864 865 866 866 866 867 867 867 867 866 866 866 865
860 861 863 866 870 870 869 871 871 871 870 869 868 868 868 868 867 866 864 864 864 865 865 865 865 864 864 864 864 866 868 870 870 871 870 868 867 867 869 869 867 866 866 866 867 867 865 864 862 860 858 857 856 854 854 854 853 852 852 853 854 856 857 858 859 862 862 863 863 863 863 863 863 862 860 860 861 861 862 863 864 864 865 866 866 866 867 867 867 867 866 866 866 865
859 860 862 866 867 866 867 872 872 872 872 871 871 870 868 868 867 867 866 866 866 866 866 866 866 866 865 864 865 867 869 870 872 872 871 870 869 870 869 867 865 864 864 866 866 867 865 863 861 860 858 857 857 855 854 853 851 851 851 853 854 854 855 857 858 860 860 862 862 862 862 862 862 861 860 859 861 861 862 863 864 864 865 866 866 867 867 867 867 867 867 866 866 864
858 860 861 864 863 864 865 869 871 871 872 872 873 872 870 870 869 868 868 867 868 868 868 868 868 867 866 865 866 869 871 870 871 871 871 871 871 869 869 867 864 865 865 865 866 866 864 863 861 860 859 858 857 855 855 853 852 851 851 853 854 854 855 856 857 859 859 860 860 860 860 859 860 859 859 859 861 861 862 863 864 864 865 866 866 867 867 867 867 867 867 866 865 864
857 859 860 862 862 863 865 868 869 869 869 869 871 872 873 872 871 870 869 868 869 869 869 869 869 868 868 866 867 870 870 869 870 871 871 870 868 867 868 868 865 866 866 866 866 865 864 863 861 860 859 858 857 856 855 854 853 853 852 853 854 854 855 856 857 858 859 860 859 859 858 857 859 859 859 859 861 861 862 863 864 864 865 866 866 867 867 868 868 867 866 866 864 864
856 858 859 861 862 863 864 866 866 867 867 868 869 871 873 873 873 872 871 870 870 869 869 869 870 870 870 869 869 870 868 866 867 870 871 868 864 865 866 867 866 866 868 869 867 865 864 863 861 860 859 858 857 856 855 855 854 853 853 853 854 854 854 856 856 857 859 859 859 859 858 857 858 858 859 859 861 861 862 863 864 864 865 865 866 867 867 867 867 866 866 865 864 863
855 857 859 860 861 863 863 864 865 866 867 868 869 870 871 873 874 874 872 871 871 871 871 871 871 871 871 871 868 869 868 865 866 869 870 867 865 865 865 865 866 867 869 869 866 864 863 863 861 860 859 858 857 856 855 855 853 851 852 853 854 854 854 855 856 856 858 858 859 858 858 858 858 858 859 859 860 861 863 864 864 864 865 865 866 866 866 866 866 865 865 864 864 863
854 856 858 859 861 862 862 864 864 866 866 867 868 869 870 871 872 874 873 872 872 872 872 872 872 872 871 868 866 868 871 869 869 870 869 867 865 865 865 866 867 868 870 868 866 863 862 862 860 860 858 858 857 855 855 854 852 852 852 852 853 854 854 855 856 856 858 859 859 858 858 858 858 858 858 859 860 862 863 865 865 865 865 865 865 865 865 865 865 864 863 863 864 864
853 856 857 858 860 860 861 862 863 865 865 866 867 867 868 869 871 871 872 873 874 873 873 872 872 870 868 866 864 867 869 871 871 870 869 867 866 865 866 867 867 870 872 869 865 863 861 861 859 859 858 857 856 855 854 854 853 853 853 853 853 854 854 855 856 857 858 859 858 858 858 858 858 858 858 859 861 863 864 865 866 865 865 865 864 864 863 864 864 863 863 863 864 864
853 855 856 858 858 859 860 861 862 863 864 865 865 866 867 868 869 869 871 872 873 873 872 871 869 866 865 863 865 867 870 871 868 867 865 865 865 866 867 868 868 871 873 870 865 862 861 860 859 858 858 856 856 855 854 855 855 854 854 854 855 855 856 857 857 858 858 859 859 858 858 858 858 858 858 859 861 863 865 866 866 865 865 864 864 864 863 863 863 863 863 863 863 863
851 853 854 855 857 858 859 860 861 862 863 864 864 865 866 866 867 868 869 871 871 871 869 868 866 864 862 861 864 869 871 868 864 863 863 864 865 866 867 868 869 872 874 870 864 861 861 859 859 857 857 856 857 855 855 856 855 856 856 856 857 858 859 860 860 860 859 859 858 858 858 858 858 858 859 859 862 863 864 865 865 864 864 864 863 863 863 862 862 862 862 862 863 863
849 850 852 853 854 856 858 859 859 861 862 863 863 863 864 864 866 866 868 869 869 867 866 865 864 863 861 860 863 870 871 865 861 862 863 864 865 866 867 868 870 872 874 869 864 860 860 858 858 857 857 858 858 856 855 856 856 857 858 858 860 861 862 863 863 862 860 859 858 858 858 858 858 858 859 859 861 862 864 864 864 864 863 863 863 862 862 861 861 862 862 862 862 862
847 848 849 851 852 854 856 858 858 859 861 862 862 862 862 863 864 865 866 867 866 865 865 865 863 862 860 859 862 870 869 864 861 862 863 864 865 866 867 868 870 872 872 867 863 859 859 858 857 857 859 860 859 855 855 856 857 858 860 862 863 864 865 864 863 862 860 859 858 858 857 858 858 859 859 860 861 861 863 864 863 863 862 862 863 861 861 861 861 861 861 861 861 861
845 846 847 849 851 852 854 856 856 858 859 860 860 860 860 861 861 863 864 864 865 865 864 863 863 861 858 857 863 871 869 864 861 862 863 864 865 866 868 869 871 872 871 866 861 859 858 858 857 857 860 861 860 855 856 857 858 859 862 863 865 864 864 863 862 861 860 859 858 858 857 858 858 859 859 860 861 861 863 864 862 862 862 862 861 861 861 861 861 861 861 861 861 861
844 845 845 847 849 850 853 854 855 856 858 858 858 858 858 859 860 861 861 861 862 863 863 862 861 860 862 864 868 872 869 864 861 862 863 864 864 865 865 867 869 870 868 864 860 859 859 858 857 857 860 861 859 856 857 859 859 860 863 866 865 864 862 861 861 860 859 859 859 858 858 858 858 859 859 860 861 861 862 862 862 861 861 861 860 860 860 860 860 860 860 860 860 861
