data/bc3/bc21_elevation.asc
ncols        615
nrows        593
xllcorner    450276.719734181184
yllcorner    6016042.974929849617
cellsize     18.758564863640
NODATA_value 32767
[rows 420 to 461 of 593, columns 470 to 563 of 615]
936 936 937 937 937 937 937 937 937 937 937 937 937 937 938 938 938 938 937 937 937 937 937 937 937 936 935 934 932 931 928 927 926 923 922 922 923 924 926 927 929 930 931 931 932 933 935 936 937 939 939 941 942 944 946 947 948 946 946 946 945 944 942 941 940 938 936 936 936 936 936 936 935 935 935 936 937 937 937 936 935 934 933 933 932 931 931 931 930 930 929 929 929 931
936 936 937 937 937 937 937 938 938 938 938 939 938 938 938 939 939 939 937 937 936 936 936 936 936 935 934 933 931 930 927 925 924 923 923 924 925 925 926 928 929 931 931 932 933 934 935 936 937 939 939 940 941 943 946 948 948 946 945 944 944 944 942 941 939 938 935 935 935 936 936 936 935 935 935 936 937 938 937 936 935 933 932 932 930 930 929 929 929 929 929 928 928 929
936 936 937 937 938 938 938 939 939 939 940 941 940 938 939 939 939 938 937 937 935 935 935 935 935 934 933 932 931 929 926 925 922 924 924 925 926 926 927 929 930 931 932 933 933 935 935 937 938 939 939 940 940 942 946 948 947 944 943 944 944 943 942 940 938 936 934 935 935 935 936 936 935 935 935 936 937 937 937 935 934 933 932 931 930 929 928 928 929 929 929 929 928 927
936 936 937 938 938 939 939 939 940 941 941 943 943 939 939 939 938 938 936 936 935 934 934 935 934 933 933 931 930 928 925 923 923 925 926 926 926 928 928 929 930 932 933 934 935 936 936 937 938 939 939 940 940 942 945 948 946 943 943 943 943 942 941 939 937 935 934 934 935 935 935 935 935 935 935 936 936 937 936 935 934 933 931 930 930 929 928 929 929 929 930 929 928 927
936 936 937 938 938 939 939 940 940 941 942 943 942 939 939 938 938 937 936 935 935 934 934 933 933 932 931 930 929 927 924 922 925 926 926 926 927 928 929 930 930 932 933 935 936 936 937 937 938 939 940 941 941 942 946 946 944 941 942 942 942 942 940 938 936 935 934 934 934 934 934 934 935 935 935 935 935 936 935 934 933 932 931 930 930 929 929 929 929 930 930 929 928 927
935 936 937 937 938 939 939 940 940 940 941 941 939 938 938 938 938 937 936 935 934 933 933 932 932 931 930 928 928 925 923 923 924 926 926 926 927 927 929 929 930 932 932 934 934 935 936 936 937 938 939 942 942 944 944 942 941 939 940 940 940 940 938 937 935 934 933 933 933 934 934 934 934 934 934 934 935 935 934 934 932 931 931 930 930 929 929 929 930 930 931 930 927 926
935 936 936 937 938 939 939 940 941 940 939 939 938 938 938 938 937 936 935 934 933 932 932 931 931 930 929 928 926 925 922 923 924 925 926 926 926 927 928 929 930 931 931 932 933 934 935 935 935 936 939 941 942 939 938 938 937 937 937 938 939 939 938 937 935 933 932 933 933 933 933 933 933 933 934 934 935 934 934 933 932 931 930 930 929 929 929 930 931 931 931 930 928 927
935 935 936 936 937 938 939 940 941 939 939 939 937 937 937 937 937 936 934 933 932 931 931 930 929 929 928 926 925 922 922 924 924 925 925 926 926 927 928 929 930 930 931 931 932 932 933 934 934 935 938 939 938 935 934 934 935 935 935 936 937 937 937 935 934 932 932 933 933 933 933 933 933 933 933 934 934 934 934 933 932 930 930 929 929 930 930 930 931 931 931 930 929 927
934 936 936 936 937 938 938 939 940 939 939 939 938 938 938 937 936 934 933 931 930 930 929 929 928 927 926 925 923 922 923 924 925 925 925 926 926 927 928 929 929 930 931 931 932 932 931 932 932 934 937 937 934 934 933 933 933 933 934 934 934 934 933 932 931 930 930 931 931 932 932 932 933 933 933 933 933 934 933 933 931 930 929 929 930 930 931 931 931 932 932 931 928 927
934 935 936 936 937 938 938 939 939 939 939 939 939 939 937 936 933 932 931 930 928 928 928 927 927 926 924 923 922 924 924 924 926 926 926 926 926 927 928 929 929 930 931 931 931 931 931 931 931 932 936 935 934 933 932 932 932 932 932 932 932 931 930 929 928 928 928 929 929 931 932 932 932 933 933 933 933 933 933 932 931 930 929 930 930 931 931 932 932 931 931 930 929 927
934 935 936 936 937 938 938 939 939 939 939 939 939 939 936 934 931 930 930 928 927 927 926 926 926 925 923 922 924 925 925 925 926 927 927 927 927 927 928 929 930 930 930 930 930 930 930 930 930 930 931 932 932 932 931 931 930 930 930 929 929 928 927 926 926 925 925 925 928 930 931 931 932 932 932 933 933 932 932 932 931 930 929 930 930 931 932 931 931 930 930 929 928 926
933 935 935 936 937 938 938 939 939 939 939 939 938 937 934 932 930 929 928 927 926 925 925 925 925 923 922 924 924 925 926 926 927 927 927 927 927 927 928 929 930 930 929 929 929 929 929 929 929 930 930 931 931 931 930 930 929 928 928 928 928 928 926 925 924 923 922 924 927 929 930 931 931 932 932 932 932 932 931 931 930 930 929 930 930 931 931 931 930 929 930 928 927 927
934 934 935 936 937 937 938 939 939 938 938 938 937 936 933 931 931 929 927 927 925 925 924 924 924 922 923 923 925 925 926 926 927 928 928 928 928 928 928 928 929 929 929 929 928 928 928 929 929 929 930 930 930 930 929 929 928 927 927 927 927 927 926 925 923 922 921 923 926 928 929 930 931 932 932 932 932 932 931 931 930 929 929 930 930 931 931 931 930 929 929 928 928 928
934 935 935 935 936 937 938 938 938 938 937 937 936 934 933 931 931 929 928 926 925 924 924 923 923 923 923 924 925 926 926 927 928 928 929 929 929 929 929 928 929 929 929 929 928 928 927 929 929 929 929 929 929 928 928 928 927 926 926 927 927 927 926 924 923 922 921 923 925 927 929 929 931 932 932 931 931 931 931 930 930 929 929 929 930 931 931 931 930 929 929 930 930 928
934 935 935 936 936 937 937 937 938 937 937 936 936 934 932 932 931 929 928 926 925 924 924 923 923 923 923 924 925 926 927 927 928 929 929 929 929 929 929 929 929 929 929 928 927 927 927 928 928 928 928 928 928 927 927 927 926 925 925 926 926 926 925 924 922 922 921 923 924 927 929 930 931 932 932 932 931 930 930 930 930 930 930 930 930 930 931 930 930 931 931 931 930 929
934 935 935 936 936 936 936 937 937 936 935 935 935 933 932 932 930 929 928 926 924 924 923 923 923 923 924 925 925 926 927 927 928 929 929 929 929 929 929 929 929 928 928 927 926 926 926 926 926 926 926 926 926 926 926 926 925 925 925 925 925 925 925 924 922 921 920 923 925 927 929 930 931 932 932 932 931 930 930 930 931 931 931 931 931 931 931 930 930 930 930 929 928 927
934 934 934 935 935 935 935 936 936 935 934 933 933 932 931 930 928 928 927 925 924 923 923 923 923 923 924 925 924 924 925 926 927 928 928 928 928 928 928 927 927 927 927 926 926 925 924 923 924 924 924 924 924 924 925 925 924 924 924 924 924 925 924 923 922 921 921 923 924 927 929 930 931 932 932 932 931 930 930 931 931 931 932 932 932 931 930 929 928 928 927 927 926 925
933 933 933 933 933 933 934 934 935 934 933 932 931 930 929 927 925 925 925 925 924 923 923 923 923 923 924 923 923 923 924 925 926 927 927 927 926 926 926 926 926 926 925 925 925 924 923 923 923 922 922 922 922 922 924 924 924 923 923 923 924 924 924 922 922 921 922 923 925 928 929 930 931 931 931 932 931 930 930 931 931 931 932 932 931 930 929 928 927 926 925 925 924 923
932 933 933 932 933 933 934 934 934 933 932 931 930 929 927 925 923 923 923 923 923 922 922 923 923 923 923 922 922 921 922 924 925 926 926 926 925 926 926 925 925 926 924 924 924 924 922 922 921 921 921 922 922 922 923 924 922 922 921 921 922 923 924 923 922 922 923 924 926 927 929 929 929 929 930 930 931 930 930 930 931 931 931 931 929 929 927 927 926 924 923 923 922 922
931 933 932 932 933 934 934 934 933 933 931 931 929 928 926 924 922 922 921 921 923 922 921 923 923 923 921 921 920 920 921 922 924 925 924 925 925 926 926 925 925 925 924 924 924 923 922 921 921 921 923 923 924 923 923 923 921 920 920 921 921 923 923 923 923 923 925 925 926 927 927 927 928 928 928 929 929 930 930 930 930 930 930 929 928 927 926 925 924 923 922 921 921 921
932 933 932 931 934 935 935 934 933 932 931 930 929 927 926 924 923 922 921 921 921 921 921 922 922 922 921 920 920 919 921 921 922 924 924 925 925 926 926 925 924 924 924 923 923 922 922 921 921 921 922 924 923 921 921 922 922 919 918 920 921 923 923 923 923 922 923 924 925 926 926 926 926 926 927 927 928 928 928 929 929 929 928 928 927 926 925 924 923 922 921 919 919 920
932 933 932 931 935 935 934 933 933 931 931 929 929 927 925 924 923 922 921 921 920 920 921 921 921 921 921 920 920 920 920 921 922 922 923 924 925 926 925 925 923 923 923 923 922 922 921 921 920 920 923 923 921 919 920 920 922 920 918 920 921 923 923 923 922 921 922 923 925 925 925 925 925 925 925 926 926 927 927 927 928 928 927 927 926 925 924 923 922 920 920 918 918 918
931 933 932 931 934 934 932 932 932 931 930 929 928 927 925 924 923 922 921 921 920 920 921 921 921 921 921 921 920 920 920 921 921 922 923 925 926 926 924 924 923 922 922 922 922 922 922 922 921 922 924 922 921 919 920 921 922 922 920 921 922 923 923 923 922 921 922 922 924 925 924 924 924 924 924 924 925 925 925 926 926 926 926 925 925 924 923 921 920 919 918 918 917 916
932 933 932 930 931 931 932 932 933 931 930 929 928 927 925 924 923 922 921 921 921 921 921 921 921 921 921 921 921 920 921 922 922 923 924 925 926 925 924 924 923 922 923 923 923 922 922 922 921 923 924 923 921 920 921 922 922 922 922 923 923 923 923 922 922 921 922 922 923 925 924 924 924 924 924 924 924 924 924 924 924 924 925 923 923 923 921 920 919 918 917 917 916 916
933 934 933 931 931 931 932 933 933 932 930 929 928 927 925 924 922 922 921 921 921 921 921 921 921 921 922 922 921 921 921 923 923 923 924 925 926 925 924 924 922 922 923 923 923 922 922 922 922 923 924 923 922 921 922 923 922 922 923 923 923 923 922 922 922 921 922 922 923 924 924 923 923 923 923 923 923 923 923 922 922 923 923 922 922 921 921 919 918 916 916 916 916 916
934 935 933 933 932 932 933 933 933 932 931 929 928 927 925 924 922 922 921 921 922 921 921 921 921 921 922 922 921 922 922 923 924 924 925 926 926 925 924 924 923 923 923 923 923 922 922 922 923 924 923 923 923 922 923 924 923 923 923 923 923 922 922 922 921 921 922 922 923 923 923 922 922 922 922 922 922 922 921 921 921 920 920 920 920 919 919 919 917 916 916 917 917 917
934 935 934 934 934 934 934 933 934 932 931 929 928 927 925 924 922 922 922 922 923 923 921 921 921 921 922 921 921 921 923 923 924 925 925 926 925 925 924 923 923 923 923 924 923 922 922 923 924 924 923 922 921 923 924 924 923 923 922 922 922 922 922 922 921 921 922 922 922 922 922 922 922 921 921 921 921 921 920 920 919 919 919 918 918 917 918 917 916 917 917 917 917 918
934 935 935 935 934 934 934 934 933 932 931 928 927 926 924 923 923 923 923 923 923 923 922 921 921 921 921 921 921 921 923 923 924 925 925 925 925 924 924 923 923 923 923 922 922 921 922 923 923 924 923 922 921 922 923 923 923 922 922 922 922 922 922 922 922 921 922 922 922 922 922 922 921 921 921 920 920 920 919 919 919 919 919 918 918 917 916 916 917 918 918 917 917 918
932 934 934 934 934 934 933 932 931 931 929 928 926 925 923 923 923 923 923 924 924 923 923 922 921 921 921 921 922 922 923 923 924 924 925 925 925 924 923 923 923 922 922 921 921 920 922 922 922 924 923 923 921 923 923 923 923 922 922 922 922 922 922 922 922 922 922 922 922 922 922 921 921 921 921 920 920 919 919 919 919 919 919 918 918 917 916 917 918 918 918 918 918 918
930 932 933 933 933 933 932 931 930 929 928 927 925 924 924 924 924 924 924 924 925 924 924 922 922 922 921 921 922 922 923 923 924 924 925 925 924 924 923 923 923 922 922 921 921 920 921 921 922 922 922 923 922 923 923 922 922 922 922 922 922 922 922 922 922 922 922 922 922 922 922 921 921 921 921 920 920 919 919 918 918 918 918 918 918 918 917 917 917 917 917 917 917 917
929 931 931 932 932 931 931 929 929 928 927 926 925 924 924 924 924 924 924 924 925 925 924 924 923 922 922 922 922 922 922 923 923 924 925 925 924 924 923 923 923 923 922 921 921 920 920 921 921 920 920 921 922 922 922 922 922 922 922 922 922 922 922 922 922 922 922 922 922 922 922 921 921 921 921 920 920 920 919 918 918 918 918 918 918 918 917 916 916 916 916 916 916 916
927 929 929 930 931 931 930 929 928 927 927 925 925 925 924 924 924 925 925 925 926 926 925 925 924 923 923 922 922 922 921 922 923 923 923 924 924 924 923 923 923 923 922 922 921 920 920 920 920 919 918 919 922 922 922 922 922 922 922 922 922 922 922 922 922 922 922 922 922 922 922 921 921 921 921 921 920 920 919 919 918 918 918 918 919 919 917 917 917 917 917 917 916 916
926 928 928 928 930 930 929 929 928 927 926 926 926 926 925 926 926 926 926 927 927 926 926 926 925 924 923 923 923 922 921 921 922 922 924 924 924 924 923 923 923 923 922 922 921 921 920 920 919 918 916 918 921 922 922 922 922 922 922 922 922 922 922 922 922 922 922 922 922 922 922 921 921 921 921 921 920 920 919 919 919 918 918 918 919 919 918 918 918 918 917 917 917 916
925 926 926 927 928 928 928 927 927 927 927 926 926 926 926 927 927 927 927 927 927 927 926 925 925 925 924 923 923 922 922 922 921 921 923 923 923 923 923 922 923 922 921 921 920 920 920 918 917 916 915 918 921 921 921 922 922 922 922 922 922 922 922 922 922 922 922 922 922 922 922 921 921 921 921 921 920 920 920 919 919 918 918 918 919 919 919 919 918 918 917 917 917 917
925 925 925 926 927 927 927 927 927 927 927 926 926 926 926 927 927 928 928 927 927 926 926 925 925 924 924 924 923 923 922 922 920 920 922 923 923 923 922 922 921 921 920 920 919 918 918 917 915 914 915 918 920 921 921 921 922 922 922 922 922 922 922 922 922 922 922 922 922 922 922 921 921 921 921 921 920 920 920 919 919 918 918 918 919 919 919 919 919 918 918 918 917 917
924 925 925 926 927 927 927 927 927 927 927 926 926 926 926 927 927 928 928 927 927 926 926 925 925 924 924 924 923 923 922 922 920 919 920 922 921 922 921 920 920 920 919 919 917 917 915 914 913 914 916 917 920 920 920 921 921 921 921 921 921 921 921 921 921 922 922 922 923 922 922 922 921 921 921 921 920 920 920 919 919 918 918 919 919 919 919 919 919 918 918 918 918 918
924 925 925 926 927 927 927 927 927 927 927 926 926 926 926 927 927 928 928 927 927 926 926 925 925 924 924 924 924 923 923 922 920 919 918 919 920 920 920 919 919 918 918 918 917 915 914 912 913 914 916 918 919 920 920 920 921 921 921 921 921 921 921 921 921 921 922 922 923 923 922 922 921 921 921 921 920 920 920 919 919 918 919 919 919 919 920 919 919 919 919 918 918 918
924 925 925 926 927 927 927 927 927 927 927 927 927 927 927 927 927 928 928 927 927 927 926 926 925 924 924 924 924 923 923 923 921 920 918 917 917 917 918 918 917 917 917 916 916 914 913 912 913 914 915 917 919 919 919 920 920 920 920 920 920 920 920 920 920 920 922 922 923 924 922 922 921 921 921 921 920 920 920 919 919 919 919 919 919 920 920 920 919 919 919 919 918 918
924 925 925 926 927 927 927 927 928 928 928 928 928 928 928 928 928 928 928 928 928 927 927 926 925 924 924 924 923 923 923 922 921 921 920 918 916 915 917 917 916 916 916 915 914 914 912 912 914 914 916 916 918 918 919 919 919 919 919 919 919 919 919 920 920 921 922 923 924 925 923 923 921 921 921 921 920 920 920 920 919 919 919 919 919 920 920 920 920 919 919 919 918 918
925 925 926 926 927 927 928 928 929 929 929 929 929 929 929 929 929 928 928 928 928 928 927 926 925 925 924 923 923 923 922 922 921 921 920 918 916 915 915 915 915 915 915 914 914 913 912 913 914 914 916 916 917 918 919 919 919 919 919 919 919 919 919 920 920 922 923 924 926 925 924 924 922 921 921 921 920 920 920 920 919 919 919 919 920 920 921 920 920 920 920 920 919 919
926 926 926 926 927 928 928 929 930 931 931 930 930 929 929 929 929 929 929 928 928 928 927 927 925 925 924 923 923 923 922 921 921 921 919 918 917 914 914 913 913 913 913 912 913 912 912 912 913 914 916 916 917 918 918 918 919 919 918 918 918 919 919 920 920 921 923 924 927 926 925 924 923 922 921 921 920 920 920 920 919 919 919 920 921 921 921 921 921 920 920 920 919 919
926 926 926 927 927 929 929 930 931 931 931 931 930 930 929 929 929 929 929 928 928 928 927 927 925 925 924 923 923 922 922 921 920 920 919 918 916 914 913 912 912 912 912 911 911 911 912 912 913 914 915 916 916 917 918 918 919 918 918 918 918 919 919 920 921 922 924 925 927 927 926 925 924 922 922 921 920 920 920 921 921 920 921 921 922 922 922 921 921 920 920 920 919 919
