data/bc3/bc21_elevation.asc
ncols        615
nrows        593
xllcorner    450276.719734181184
yllcorner    6016042.974929849617
cellsize     18.758564863640
NODATA_value 32767
[rows 168 to 209 of 593, columns 282 to 375 of 615]
843 843 844 846 848 849 851 853 853 854 856 857 857 857 857 856 858 858 858 858 859 860 861 861 860 861 864 866 869 868 865 862 861 862 863 864 864 864 863 864 866 867 865 863 860 859 860 859 858 858 861 861 859 856 859 861 861 862 865 867 864 863 861 860 859 858 858 858 859 859 859 858 858 859 859 859 861 861 861 861 861 860 860 860 859 859 860 860 860 859 859 859 859 859
841 842 843 845 846 848 849 851 852 853 854 855 855 855 854 854 854 855 855 856 856 857 858 859 859 861 861 862 863 861 860 859 861 862 862 863 864 863 862 862 863 864 863 861 859 859 860 861 860 861 861 861 859 857 860 864 864 866 868 865 863 861 860 859 858 859 859 859 859 859 859 858 858 859 859 859 860 860 860 860 860 859 859 859 859 859 859 859 859 859 859 859 859 858
840 841 841 843 844 846 847 848 850 851 853 853 853 852 851 851 852 852 852 853 854 855 857 858 858 857 855 855 855 855 857 858 860 860 861 863 863 862 861 861 862 861 860 859 858 858 859 861 862 861 860 860 859 858 860 864 867 867 867 864 862 860 859 859 859 859 859 859 859 859 859 858 858 859 859 859 859 859 859 859 859 859 859 859 859 859 859 859 859 859 859 859 859 858
839 840 840 840 842 843 844 846 847 850 851 851 850 850 849 849 849 850 850 850 852 855 856 857 856 856 855 854 854 855 856 857 858 859 860 861 861 861 860 859 859 858 858 858 858 858 861 862 861 861 860 859 859 858 863 867 866 866 865 863 861 859 858 859 859 859 860 860 859 859 859 858 858 859 859 859 858 857 858 859 859 858 858 858 858 858 859 859 859 859 859 859 859 858
837 838 838 839 840 840 842 843 845 847 849 849 848 847 847 846 846 847 847 847 849 852 854 856 855 855 854 853 853 854 855 856 857 858 859 859 860 859 859 857 857 858 858 859 859 860 862 862 860 860 860 859 858 858 863 866 866 866 864 862 860 859 858 859 859 859 860 860 859 859 859 859 858 859 857 856 856 855 857 859 859 858 858 858 858 858 858 858 859 859 859 859 859 858
835 836 836 837 839 839 840 842 843 845 846 847 846 846 845 845 844 844 844 844 846 849 852 854 855 854 853 852 852 853 854 855 856 856 857 857 858 857 857 857 857 858 859 860 861 859 859 859 860 860 859 859 859 858 862 863 864 865 863 862 860 858 857 858 859 859 860 860 859 859 859 859 858 859 853 852 853 855 857 858 858 858 858 858 858 858 857 857 858 858 858 859 858 857
834 835 835 835 837 838 839 841 842 843 844 845 844 844 844 843 842 842 842 841 844 847 850 853 853 852 852 851 852 852 853 854 854 855 855 855 855 856 856 857 857 857 859 860 859 856 855 857 859 860 859 859 859 858 861 861 862 863 862 860 859 857 856 857 858 858 859 859 859 859 859 859 859 858 852 851 853 855 857 857 857 857 857 858 857 857 857 857 857 857 857 858 857 856
834 834 834 835 835 837 838 840 840 842 843 843 842 842 843 842 841 840 839 839 842 846 848 851 852 851 850 850 851 851 852 853 853 854 854 854 854 856 856 857 857 858 859 857 853 854 855 857 859 860 860 859 859 858 858 859 860 860 859 858 856 856 856 856 856 857 858 859 859 858 858 858 858 856 851 850 852 854 856 857 857 857 857 857 857 857 856 856 856 856 856 857 856 855
834 834 834 835 835 836 837 838 839 841 841 841 841 841 841 841 840 839 838 838 841 844 847 849 850 850 850 850 850 850 851 851 852 852 852 851 850 853 855 857 858 858 856 856 852 852 855 857 860 861 860 859 858 857 857 857 858 859 858 856 856 855 855 855 855 856 856 858 858 857 857 857 855 853 850 850 851 853 855 856 857 857 857 857 857 856 856 856 856 855 855 856 856 854
834 834 834 834 835 835 836 836 838 839 839 839 839 839 839 839 838 837 837 837 840 842 845 848 849 849 849 849 849 850 850 850 850 849 849 848 848 850 852 855 857 856 855 854 851 851 854 857 860 861 860 858 857 856 856 856 856 857 856 856 855 854 854 854 854 855 856 858 857 856 855 855 852 850 849 849 850 852 853 855 855 855 855 856 856 856 856 856 855 855 855 855 855 854
834 834 834 834 834 834 834 835 836 837 838 838 837 837 838 838 837 836 836 836 838 841 843 846 847 848 848 848 849 849 849 849 849 847 846 845 845 848 851 854 855 854 853 851 849 850 853 855 857 859 858 857 856 856 856 856 856 855 855 855 855 854 854 854 855 856 857 857 856 854 853 852 850 849 849 849 850 851 852 854 854 854 854 854 855 856 856 855 855 855 855 854 854 854
834 834 834 834 834 834 834 834 835 835 835 836 836 836 836 836 835 835 834 834 836 838 841 843 844 845 846 847 848 848 848 848 847 846 845 844 843 846 850 853 853 852 851 849 848 849 850 853 854 856 855 855 855 855 855 855 855 854 854 854 854 853 854 855 857 858 857 855 854 853 851 850 850 849 849 849 850 851 852 852 852 852 852 852 853 853 854 855 855 854 853 853 852 852
834 834 834 834 834 834 834 834 834 834 834 834 835 835 835 834 834 833 833 833 834 836 838 841 842 843 844 846 847 846 847 847 846 844 844 843 842 844 847 851 852 850 849 848 847 848 848 850 852 853 853 853 853 853 853 853 853 853 852 852 853 853 856 857 858 857 855 854 852 851 851 851 851 850 850 850 851 851 851 851 850 850 849 850 850 852 853 854 853 853 852 852 851 851
834 834 834 834 834 834 834 834 834 834 834 834 834 834 834 834 833 832 832 832 833 835 836 838 840 841 844 845 845 845 845 845 845 844 843 842 842 844 846 848 850 849 849 849 847 847 847 849 849 850 850 850 851 851 851 851 851 851 852 853 853 855 858 857 856 854 854 852 851 851 851 850 850 850 850 850 850 850 850 850 849 848 848 848 849 851 852 853 852 853 851 851 850 851
834 834 834 834 834 834 834 834 834 834 834 834 834 834 834 834 832 831 831 830 833 834 835 837 839 840 842 844 844 844 843 843 843 842 842 841 842 843 846 847 849 849 849 848 846 845 846 849 849 848 849 849 849 849 849 850 851 852 853 854 855 855 856 856 855 852 851 851 851 851 850 850 849 850 850 850 850 850 850 850 849 848 848 847 848 850 851 853 852 851 850 850 850 849
834 834 834 834 834 834 834 834 834 834 834 834 834 834 834 834 833 831 830 830 831 832 834 836 837 839 841 843 842 842 841 840 840 840 840 840 840 842 844 845 846 848 849 849 846 845 847 848 848 846 846 846 847 848 848 850 852 854 854 854 854 852 851 853 852 851 849 849 849 849 849 850 849 849 848 849 849 849 849 849 849 848 848 848 848 849 851 852 851 850 850 849 849 848
834 834 834 834 834 834 834 834 834 834 834 834 834 834 834 834 834 833 832 831 831 832 833 835 836 838 840 841 841 840 839 838 838 838 838 838 839 840 841 842 844 845 847 848 847 847 848 847 845 844 844 845 847 849 850 851 853 853 852 853 852 849 847 848 849 849 848 848 848 846 846 847 848 848 847 847 848 848 848 848 848 848 848 848 849 849 850 850 850 849 849 848 847 847
834 834 834 834 834 834 834 834 834 834 834 834 834 834 834 834 834 834 834 833 833 833 832 834 835 837 838 839 839 837 837 836 836 836 836 836 837 838 839 840 842 843 844 846 847 848 847 845 843 842 844 846 848 850 852 853 850 846 847 850 850 848 847 846 846 846 846 845 844 844 843 844 844 846 846 846 847 847 847 847 847 848 848 848 848 849 849 849 849 848 847 847 847 847
834 834 834 834 834 834 834 834 834 834 834 834 834 834 834 834 834 834 834 834 834 834 833 833 834 835 835 837 837 836 836 835 835 835 835 835 836 837 838 839 840 841 843 844 846 846 848 847 844 843 845 847 849 852 850 850 850 845 844 845 847 847 846 845 845 844 843 842 841 841 840 841 842 843 845 845 846 846 846 846 846 847 847 847 847 848 848 848 848 847 847 846 846 847
834 834 834 834 834 834 834 834 834 834 834 834 834 834 834 834 834 834 834 834 834 834 834 834 834 834 835 835 835 835 835 834 834 834 834 834 835 836 837 838 839 841 841 843 843 844 846 847 847 846 845 848 850 846 846 847 847 844 843 844 845 845 844 844 844 843 842 841 839 838 837 838 840 841 843 844 844 845 845 845 846 845 846 846 847 847 847 848 847 847 846 846 846 846
834 834 834 834 834 834 834 834 834 834 834 834 834 834 834 834 834 834 834 834 834 834 834 834 834 834 834 835 835 834 833 833 833 833 833 833 834 835 837 838 839 840 840 842 843 843 845 846 847 847 846 847 847 843 844 844 844 843 842 844 843 843 844 844 842 843 841 840 838 836 836 837 838 840 842 842 843 844 844 845 845 845 845 845 846 846 847 847 846 846 846 845 845 846
834 834 834 834 834 834 834 834 834 834 834 834 834 834 834 834 834 834 834 834 834 834 834 834 834 834 834 834 834 834 833 833 832 832 832 833 833 834 836 837 839 839 840 841 843 843 844 846 845 846 846 845 844 843 843 842 842 842 842 843 843 843 843 843 842 842 841 840 838 837 837 838 839 840 841 841 842 843 844 844 844 844 844 844 845 845 846 846 846 845 845 844 845 845
834 834 834 834 834 834 834 834 834 834 834 834 834 834 834 834 834 834 834 834 834 834 834 834 834 834 834 834 834 834 833 832 832 832 832 832 832 834 835 837 838 839 840 841 843 843 843 845 842 842 844 844 844 843 843 842 842 842 842 842 842 842 842 842 841 841 841 841 840 839 839 839 841 841 841 842 842 842 844 844 844 844 844 844 844 845 845 846 845 845 844 844 844 845
835 834 834 834 834 834 834 834 834 834 834 834 834 834 834 834 834 834 834 834 834 834 834 834 834 834 834 834 834 834 833 833 832 832 832 831 831 833 834 836 838 839 840 841 843 843 843 843 843 843 843 843 844 843 843 842 842 841 841 841 841 841 841 841 841 842 842 841 841 840 840 840 840 841 841 842 842 842 843 843 843 843 843 844 844 845 845 845 845 844 844 843 843 844
835 834 834 834 834 834 834 834 834 834 834 834 834 834 834 834 834 834 834 834 834 834 834 834 834 834 834 834 834 834 834 833 833 833 832 832 832 833 834 837 838 840 840 841 842 842 843 843 843 843 843 843 843 843 842 842 842 841 841 841 841 841 841 842 842 842 842 842 841 841 841 841 840 841 841 842 842 842 842 843 843 843 843 843 844 844 845 844 845 844 843 843 843 844
835 834 834 835 834 834 834 834 834 834 834 834 834 834 834 834 834 834 834 834 834 834 834 834 834 834 834 834 834 834 834 834 833 833 832 832 831 834 835 837 838 839 841 841 841 841 842 842 842 842 842 842 842 842 842 841 841 841 840 841 841 841 840 842 842 842 842 842 841 841 842 841 841 841 841 841 842 842 842 842 843 843 843 843 844 844 844 844 844 843 842 842 842 843
836 836 835 836 835 835 834 834 834 834 834 834 834 834 834 834 834 834 834 834 834 834 834 834 834 834 834 834 834 834 834 834 834 833 832 832 831 835 836 837 839 840 841 841 841 841 841 842 842 842 842 842 842 842 842 841 841 841 840 840 840 840 840 841 842 843 843 843 842 842 842 841 841 841 841 841 841 841 841 841 842 842 843 843 843 843 843 843 842 842 842 841 841 842
837 836 836 836 836 836 834 834 834 834 834 834 834 834 834 834 834 834 834 834 834 834 834 834 834 834 834 834 834 834 834 834 834 834 832 832 831 835 837 838 840 841 840 840 840 840 840 841 841 842 842 842 842 842 841 841 841 841 840 839 839 839 840 840 841 842 843 843 843 843 842 842 842 841 840 840 840 840 840 840 841 842 843 843 842 842 842 842 841 841 841 841 841 841
839 838 838 837 836 836 835 834 834 834 834 834 834 834 834 834 834 834 834 834 834 834 834 834 834 834 834 834 834 834 834 834 834 834 833 832 832 835 838 839 840 840 840 839 839 839 840 841 841 841 841 841 841 841 841 841 841 841 840 839 839 838 839 840 840 842 842 843 843 843 842 842 841 839 839 839 839 839 839 840 841 843 844 843 843 842 841 841 841 841 841 840 840 841
841 840 839 838 837 837 836 835 834 834 834 834 834 834 834 834 834 834 834 834 834 834 834 834 834 834 834 834 834 834 834 834 834 834 834 833 835 836 836 838 839 839 838 838 837 838 840 840 841 841 841 841 841 841 841 841 841 841 840 840 839 838 839 839 840 842 842 842 842 842 842 841 840 838 838 838 838 838 839 840 842 843 843 843 843 842 842 841 841 841 840 840 840 841
843 842 842 840 840 838 837 835 835 834 834 834 834 834 834 834 834 834 834 834 834 834 834 834 834 834 834 834 834 834 834 834 834 834 834 834 835 835 836 837 838 838 837 837 836 837 838 839 841 841 841 841 840 840 841 841 841 841 840 839 838 838 838 839 840 842 842 841 842 842 841 839 839 838 837 837 838 838 839 839 842 842 843 843 843 842 842 842 841 841 840 840 840 840
845 844 843 843 841 839 838 837 836 835 834 834 834 834 834 834 834 834 834 834 834 834 834 834 834 834 834 834 834 834 834 834 834 834 834 834 834 834 835 836 837 836 835 835 834 836 837 838 840 841 841 841 840 840 841 841 841 841 840 839 838 838 838 839 840 842 842 841 841 841 840 839 838 837 837 837 837 838 838 839 841 841 842 842 843 842 842 841 841 841 841 840 840 839
846 846 845 844 842 841 839 838 837 836 835 834 834 834 834 834 834 834 834 834 834 834 834 834 834 834 834 834 834 834 834 834 834 834 834 834 834 834 834 836 835 835 835 834 834 835 836 838 839 840 840 840 840 840 840 840 840 840 839 838 838 837 838 839 840 842 842 841 840 840 839 838 838 837 837 837 837 838 838 839 840 840 841 841 842 840 839 839 840 840 841 841 841 839
848 848 846 845 843 842 840 839 839 837 836 835 835 834 834 834 834 834 834 834 834 834 834 834 834 834 834 834 834 834 834 834 834 834 834 834 834 834 834 835 834 835 834 834 834 834 836 837 839 840 840 840 840 840 840 840 840 839 839 838 838 837 838 839 840 842 842 841 840 840 839 839 838 837 837 837 837 838 838 838 839 839 840 840 840 839 838 838 838 838 839 840 840 841
850 850 848 847 845 843 841 840 839 838 837 836 836 835 834 834 834 834 834 834 834 834 834 834 834 834 834 834 834 834 834 834 834 834 834 834 834 834 834 833 832 835 835 835 834 835 836 838 838 839 839 839 839 839 839 839 839 839 839 838 838 837 838 839 841 842 842 841 841 840 839 839 838 838 837 837 837 838 838 838 838 839 839 839 839 838 838 838 838 838 838 838 838 839
851 851 850 848 846 844 843 841 840 840 838 838 837 837 836 835 834 834 834 834 834 834 834 834 834 834 834 834 834 834 834 834 834 834 834 834 834 834 834 834 834 835 835 835 835 836 837 838 838 838 838 838 839 839 838 839 839 839 839 838 838 837 838 839 840 841 842 841 841 840 840 839 838 838 837 837 838 838 838 838 838 839 839 838 839 838 838 838 838 838 838 837 837 836
852 853 851 850 847 846 844 843 842 840 840 839 839 838 837 836 835 834 834 834 834 834 834 834 834 834 834 834 834 834 834 834 834 834 834 834 834 834 834 835 835 835 835 836 836 836 836 838 838 838 837 838 839 838 838 839 839 839 839 838 838 837 838 839 840 841 842 841 841 840 840 839 839 838 838 837 838 838 838 838 838 838 838 838 838 838 838 838 838 837 837 837 836 835
853 855 853 851 849 847 845 844 843 842 841 840 840 839 838 838 836 835 834 834 834 834 834 834 834 834 834 834 834 834 834 834 834 834 834 834 834 834 834 834 835 835 835 836 836 836 836 837 837 837 837 838 838 838 838 839 839 839 839 838 838 837 838 839 839 841 841 841 841 840 840 839 839 838 838 838 838 838 838 838 838 838 838 838 838 838 838 838 837 837 836 836 835 835
855 856 855 853 850 848 847 845 845 844 843 842 841 841 840 839 837 835 834 834 834 834 834 834 834 834 834 834 834 834 834 834 834 834 834 834 834 834 834 833 833 835 835 835 836 836 836 836 836 836 837 837 838 838 838 839 839 839 839 838 838 837 838 839 839 841 841 841 841 840 840 840 839 839 838 838 838 838 838 838 837 837 837 837 837 837 837 837 836 836 835 835 835 834
857 858 856 855 852 850 848 847 847 845 845 844 843 842 841 839 837 836 833 834 834 834 834 834 834 834 834 834 834 834 834 834 834 834 834 834 834 834 834 833 834 835 835 835 835 835 835 836 836 836 837 837 838 838 838 839 839 838 838 838 838 837 838 839 840 840 840 841 841 841 840 840 839 839 838 838 838 837 837 837 837 837 837 836 836 837 837 837 836 836 835 834 834 834
858 859 858 856 853 851 849 848 848 847 846 846 844 843 843 841 838 836 834 833 834 834 834 834 834 834 834 834 834 834 834 834 834 834 834 833 832 833 834 834 834 835 835 835 835 835 835 835 835 836 836 837 838 838 838 838 837 837 837 837 837 837 837 838 839 839 840 840 840 841 841 840 840 839 839 838 838 837 837 837 837 836 836 836 836 836 837 836 836 835 835 834 834 834
859 859 859 857 855 852 850 850 849 849 848 847 846 845 843 841 839 837 835 834 834 834 834 835 834 834 835 834 834 834 834 834 834 834 834 832 831 832 833 833 834 834 834 834 835 835 835 835 835 835 836 837 837 838 838 837 836 837 837 837 837 837 836 838 837 839 839 839 840 841 841 840 840 839 839 838 838 838 837 837 837 836 836 836 836 836 836 836 835 835 834 833 833 833
