data/bc3/bc21_elevation.asc
ncols        615
nrows        593
xllcorner    450276.719734181184
yllcorner    6016042.974929849617
cellsize     18.758564863640
NODATA_value 32767
[rows 42 to 83 of 593, columns 376 to 469 of 615]
819 819 818 818 818 821 823 822 819 819 817 817 818 819 820 821 822 823 824 824 825 825 826 827 828 828 828 828 828 828 829 829 829 828 828 828 827 827 827 827 827 827 827 827 827 828 828 829 829 828 827 827 828 829 829 829 829 829 830 830 831 831 832 832 831 831 831 832 832 833 834 835 836 837 837 837 837 836 836 836 836 835 835 836 836 836 837 838 839 839 841 841 842 844
818 818 818 819 821 825 825 823 819 817 817 818 819 821 822 823 824 825 825 826 826 827 827 828 828 828 828 828 828 828 828 828 828 828 828 827 827 827 826 825 825 826 826 826 826 827 826 827 827 827 826 826 828 829 829 829 829 829 829 830 830 831 831 830 829 829 829 830 831 832 833 833 834 835 835 836 835 836 836 836 835 835 835 835 836 836 837 838 839 839 840 841 842 843
819 820 822 823 826 826 824 821 818 817 818 819 820 820 823 824 825 826 826 826 828 827 827 828 828 828 828 828 828 828 827 827 827 828 828 827 827 827 825 824 823 825 826 826 826 826 826 827 827 826 826 826 827 828 829 829 829 828 829 829 829 830 830 829 829 829 829 830 830 832 832 832 833 834 834 835 834 835 835 835 835 835 835 835 836 836 837 838 838 838 839 840 842 843
822 824 826 826 826 823 820 818 818 819 819 820 820 820 822 824 825 825 826 827 828 828 827 827 828 828 828 828 828 828 827 827 827 827 828 827 827 827 825 825 825 825 826 826 827 827 826 826 827 827 827 826 826 826 828 829 828 828 828 828 828 829 829 828 829 829 829 829 830 831 831 831 832 832 833 833 833 834 834 834 834 834 834 835 836 836 837 837 838 838 839 839 841 842
825 827 826 824 822 820 818 817 819 820 820 820 820 821 821 823 824 825 826 829 829 829 828 827 827 827 827 828 828 828 827 827 827 827 827 827 827 827 826 826 826 826 827 827 828 828 827 826 827 828 827 826 826 826 828 829 827 827 827 827 827 828 828 828 829 829 829 829 830 830 830 831 831 831 832 832 832 833 833 833 834 834 834 835 835 836 837 837 837 837 838 838 838 839
827 825 822 819 818 818 818 819 820 820 821 821 821 821 821 822 824 826 828 830 831 830 829 828 827 827 827 828 828 828 827 827 826 826 827 827 827 827 827 827 827 827 827 828 828 828 826 826 825 826 826 826 828 828 829 829 829 828 828 828 828 828 828 828 829 829 829 829 829 830 830 830 830 831 831 831 832 832 833 834 834 835 834 836 836 836 837 837 837 837 837 837 837 837
823 823 820 818 818 819 820 820 820 820 820 820 820 821 822 824 824 826 827 830 831 830 829 827 827 827 827 828 828 828 828 827 827 827 827 827 828 828 828 828 827 826 827 828 828 828 826 825 825 825 825 826 828 829 829 829 829 829 829 829 828 828 828 828 828 829 829 829 829 829 830 830 830 830 831 831 831 832 834 834 834 835 835 836 836 837 837 837 837 838 838 838 839 840
820 820 819 819 819 820 820 820 820 820 820 820 820 822 823 824 824 825 827 829 830 829 828 827 827 827 827 828 828 828 828 827 827 828 827 828 828 828 828 828 827 826 826 827 828 828 826 825 825 825 824 826 827 828 829 829 829 829 829 829 828 828 828 828 828 828 829 829 829 829 829 829 829 829 830 830 832 833 834 834 835 835 836 836 837 837 837 837 838 838 839 839 840 841
819 819 819 819 820 820 820 820 820 820 820 821 822 823 824 824 824 824 825 827 830 829 828 827 827 827 827 828 828 828 828 828 828 828 828 828 828 828 828 827 826 826 825 825 827 826 825 824 824 824 824 825 826 827 828 828 829 829 829 829 829 828 828 828 828 828 828 828 829 829 829 829 829 829 829 830 833 834 834 834 835 835 835 835 836 836 836 837 838 838 839 840 841 841
819 819 819 819 819 820 820 820 820 820 821 822 823 824 823 824 824 824 824 825 828 828 828 828 827 827 827 828 828 828 828 828 828 828 828 829 829 829 828 827 826 825 825 824 825 823 823 823 823 823 823 823 824 825 826 827 828 829 829 829 829 828 828 828 828 828 828 829 829 830 830 830 831 831 831 833 833 833 833 833 834 834 834 835 835 835 836 837 837 838 839 839 840 841
819 819 819 818 819 820 820 820 820 820 820 822 823 822 821 822 822 822 823 824 826 826 826 825 825 825 825 826 826 826 825 825 827 828 828 828 828 828 826 826 825 824 823 823 823 823 823 823 823 823 823 823 823 823 824 826 827 828 829 829 829 829 829 829 829 828 828 830 830 831 831 831 832 832 831 832 832 832 832 832 833 833 834 835 834 835 835 836 837 838 838 839 840 841
820 820 819 819 820 820 820 820 820 820 820 821 820 820 821 821 821 821 820 821 822 822 822 821 820 821 821 823 824 823 823 824 827 827 828 827 827 827 825 824 824 823 823 823 823 823 823 823 823 823 823 823 823 823 823 824 826 828 829 829 829 829 829 829 829 828 828 830 830 831 832 831 832 831 830 830 830 830 830 831 832 833 834 834 834 835 835 836 837 837 838 839 840 840
820 820 820 820 820 820 820 820 820 820 821 821 821 822 822 822 822 822 822 822 823 822 821 821 821 822 823 824 824 823 823 824 826 827 828 827 827 826 825 823 823 823 823 823 823 823 823 823 823 823 823 823 823 823 823 823 825 827 828 829 829 829 829 829 828 828 827 830 831 831 832 831 831 830 829 829 829 830 830 831 831 832 833 833 834 834 835 836 836 838 838 838 839 840
820 820 820 821 820 820 820 820 821 821 822 822 823 824 824 824 824 824 824 823 824 823 823 823 823 824 825 825 825 824 823 824 826 826 826 826 826 825 824 823 823 823 823 823 823 823 823 823 823 823 823 823 823 823 823 823 825 826 828 829 829 829 829 829 829 828 828 830 832 831 831 831 831 830 829 829 830 830 830 830 831 831 832 832 834 835 835 836 837 837 837 837 839 839
820 820 820 821 820 820 820 821 821 822 823 823 824 824 824 824 824 824 824 824 824 824 824 824 824 825 825 825 825 824 823 824 825 825 825 825 825 823 823 823 823 823 823 823 823 823 823 823 823 823 823 823 823 823 823 823 824 826 828 828 829 829 829 830 830 831 831 831 831 830 829 829 830 830 829 829 829 829 829 830 830 831 831 831 833 834 835 836 836 836 836 837 838 839
820 820 820 820 820 821 821 822 822 823 824 825 825 825 824 823 823 824 824 824 824 824 824 824 824 825 825 824 824 824 823 823 823 824 824 823 823 823 823 823 823 823 823 823 823 823 823 823 823 823 823 823 823 823 823 823 824 825 827 828 829 828 828 831 831 830 830 830 829 828 828 828 829 829 829 829 829 829 829 829 829 830 830 831 832 834 836 836 836 836 835 837 838 839
819 820 820 820 821 822 822 823 823 824 824 825 826 825 824 824 823 823 823 824 824 824 825 825 825 825 825 824 824 824 823 823 823 823 823 823 823 823 823 823 823 823 823 823 823 823 823 823 823 823 823 823 823 823 823 823 825 825 827 828 829 829 829 831 831 830 830 829 829 828 828 828 829 829 829 829 829 829 829 829 829 830 830 830 832 834 835 836 836 836 835 836 838 838
820 821 821 821 822 823 823 823 823 825 825 826 826 826 825 825 824 823 823 823 823 824 824 824 825 825 825 825 825 824 824 823 823 823 823 823 823 823 823 823 823 823 823 823 823 823 823 823 823 823 823 823 823 823 823 824 825 826 827 828 829 829 830 830 831 830 830 829 829 829 829 829 829 829 829 829 829 829 830 829 829 829 830 830 832 833 834 835 835 835 835 835 837 838
820 821 822 822 823 823 824 824 824 825 826 827 827 826 826 826 825 824 823 823 823 823 823 824 824 825 825 825 825 824 824 823 823 823 823 823 823 823 823 823 823 823 823 823 823 823 823 823 823 823 823 823 823 823 823 824 825 826 828 829 829 829 829 830 831 831 830 830 830 830 829 830 830 829 829 829 829 830 830 830 830 829 829 830 832 833 835 835 835 834 834 834 836 837
820 821 822 822 823 823 824 824 825 826 827 828 829 826 825 827 825 824 823 823 823 823 823 824 824 825 825 825 825 824 824 823 823 823 823 823 823 823 823 823 823 823 823 823 823 823 823 823 823 823 823 823 823 825 825 824 825 826 829 828 829 829 829 830 831 831 831 831 831 830 830 830 829 829 829 829 830 831 831 831 831 830 829 829 831 833 835 835 834 834 833 834 835 836
819 821 821 821 822 823 825 825 825 827 828 830 830 827 824 825 825 823 823 823 823 823 823 824 825 825 825 825 825 825 824 824 823 823 823 823 823 823 823 823 823 823 823 823 823 823 823 824 823 823 824 824 824 827 826 825 824 824 825 826 829 830 829 830 831 831 832 831 831 830 829 829 829 829 829 829 830 831 831 831 830 830 829 829 831 832 835 835 834 833 833 834 835 836
821 820 820 820 821 822 824 825 826 828 829 831 831 828 826 823 823 823 823 823 823 823 824 824 825 825 825 825 825 825 825 824 823 823 823 823 823 823 823 823 824 825 824 823 823 825 824 824 824 825 825 825 825 827 826 826 825 824 824 825 827 829 830 831 831 831 832 830 830 830 829 828 829 829 829 829 830 831 831 831 829 829 829 830 831 833 835 835 834 833 833 833 835 836
822 821 820 819 822 823 825 827 828 829 832 832 831 828 825 823 823 823 823 823 823 823 824 825 825 826 826 826 826 825 824 824 823 823 823 823 823 823 823 823 824 824 824 823 824 825 825 824 825 825 826 826 825 827 826 825 825 825 825 824 825 827 831 831 831 831 831 830 829 829 828 828 828 829 829 829 830 830 830 830 829 829 829 830 832 833 834 835 834 833 833 833 835 835
823 822 821 821 823 825 827 829 830 832 832 832 831 827 824 823 823 823 823 823 824 824 825 825 824 825 826 827 826 825 824 824 823 823 823 823 823 823 824 824 825 825 825 825 825 824 825 825 825 825 826 826 825 826 826 825 825 826 827 825 825 826 830 831 831 831 830 830 829 828 827 828 828 828 829 829 829 829 829 829 829 830 830 830 832 833 833 834 834 833 833 833 834 835
824 823 823 823 825 827 829 831 832 833 832 832 831 828 826 824 824 823 823 823 824 824 825 824 823 824 826 827 827 826 824 824 823 823 824 823 825 825 826 827 827 827 827 826 826 825 826 826 825 826 826 826 826 826 826 826 826 827 828 827 826 825 824 829 831 830 828 828 828 826 826 827 827 827 829 829 829 829 829 829 829 829 830 830 831 832 833 833 833 833 833 833 834 834
825 825 825 825 826 829 831 832 833 833 832 832 831 830 830 827 826 823 823 823 824 824 825 824 822 825 828 827 827 825 824 823 825 825 826 826 827 828 828 829 830 829 829 829 828 828 828 827 827 827 827 828 828 829 829 829 829 828 828 828 828 828 828 825 830 828 826 826 826 825 825 825 826 827 829 829 829 828 828 828 829 829 829 829 831 831 833 833 833 833 832 833 833 834
826 826 826 827 828 830 832 833 834 834 834 833 832 831 830 829 828 824 823 823 824 824 824 824 823 825 826 824 823 825 826 827 828 829 829 829 830 830 830 831 831 831 831 831 830 829 829 829 829 828 828 829 830 830 830 830 830 828 828 829 830 830 830 828 827 826 825 825 824 824 824 825 826 827 828 829 829 828 828 828 829 829 829 829 830 831 832 833 833 832 832 833 832 834
828 827 827 827 829 831 832 834 836 835 835 834 833 832 831 831 829 826 825 824 824 824 824 824 826 829 828 827 827 829 830 831 832 833 833 832 832 833 832 832 832 832 832 832 831 831 831 830 830 829 829 830 831 832 832 832 831 830 831 832 832 831 831 830 827 826 825 825 824 824 824 824 825 826 827 829 828 827 828 828 828 829 829 829 830 831 832 833 832 832 832 832 832 833
829 829 828 829 830 832 834 835 837 836 835 835 834 833 832 832 831 829 828 827 826 827 826 828 831 832 832 832 832 833 834 834 835 836 835 834 834 834 834 834 834 834 834 834 833 833 833 832 831 831 831 832 833 834 834 834 833 833 833 835 834 833 833 831 829 828 826 826 825 824 824 824 824 824 826 827 827 826 827 828 828 828 829 829 830 831 832 832 832 831 831 831 831 832
829 829 829 830 831 833 835 837 838 837 837 836 835 835 834 834 833 833 832 831 829 830 831 833 835 835 835 835 835 836 836 837 837 838 837 837 836 835 836 835 835 835 835 835 835 834 834 833 833 832 832 833 834 835 835 836 836 836 835 835 835 834 834 832 831 829 827 827 826 825 824 824 824 824 825 825 826 826 827 828 828 828 829 829 830 831 832 832 832 831 830 830 831 831
831 831 831 831 832 834 836 837 838 838 838 838 837 836 836 836 836 836 834 833 832 833 835 836 835 835 835 835 837 837 838 838 838 839 838 838 837 837 837 837 836 836 836 837 837 836 836 835 835 834 834 835 836 837 837 837 837 836 835 835 835 835 835 833 832 830 829 828 827 826 825 824 824 824 824 824 825 826 827 827 828 829 829 830 831 831 831 831 831 830 829 829 830 830
832 832 832 832 833 834 836 837 839 839 839 839 838 838 838 838 839 838 837 835 834 836 837 837 835 835 835 837 838 840 840 840 840 841 840 839 839 838 838 837 837 836 837 837 838 839 838 837 836 835 835 837 837 838 839 838 837 836 836 836 836 836 835 834 832 831 830 829 829 827 826 824 824 824 824 824 825 826 826 826 828 828 829 830 830 831 831 831 830 829 828 829 828 829
833 834 834 834 836 836 838 839 839 840 840 840 840 840 841 841 842 841 839 838 837 838 838 837 836 836 837 838 841 842 842 842 842 842 841 840 840 840 839 838 838 837 837 838 838 839 839 838 837 837 837 838 839 840 840 839 837 837 837 837 837 837 836 835 834 833 832 832 831 829 827 826 826 825 825 824 824 825 825 826 826 827 828 829 829 829 829 829 829 828 828 828 828 828
835 835 836 836 837 839 839 840 839 839 839 839 839 840 840 841 841 841 840 838 838 838 838 837 837 837 838 840 842 843 843 842 842 842 842 840 840 841 840 839 839 838 838 838 838 839 839 838 838 838 839 840 841 840 840 839 839 839 839 839 838 837 836 837 836 835 833 833 833 831 830 829 828 828 827 824 824 824 824 825 825 827 827 828 828 828 828 828 828 828 828 827 827 827
837 837 838 839 839 839 840 839 838 838 839 839 839 838 838 839 839 840 839 838 838 838 838 838 838 838 840 841 842 843 843 842 842 842 842 842 842 842 841 841 840 839 839 838 839 839 839 838 839 841 842 842 842 841 840 840 840 840 840 840 838 837 836 837 838 837 834 833 832 832 831 831 830 829 829 827 824 824 823 823 824 826 826 827 827 827 827 827 827 827 827 827 827 827
839 839 839 839 840 839 838 838 838 838 838 838 838 838 838 838 838 839 839 838 837 837 838 838 839 839 841 842 842 843 843 843 843 843 843 843 843 843 842 842 841 841 840 840 840 839 839 841 842 844 844 843 842 842 842 842 842 842 842 841 839 838 838 839 839 838 834 833 832 832 832 831 830 830 829 827 825 824 824 824 824 826 826 826 826 826 826 826 826 826 826 826 826 826
839 840 838 838 838 837 837 837 837 837 837 837 837 837 838 838 838 838 838 838 837 838 838 839 839 840 842 842 843 844 844 844 844 844 844 844 844 844 843 842 842 841 841 840 840 840 840 842 844 845 845 845 844 844 843 844 844 843 843 843 842 841 841 840 839 838 836 833 833 833 832 831 830 830 830 828 826 825 825 825 825 825 825 826 826 825 825 825 825 825 825 826 826 826
838 837 836 835 835 835 835 835 836 836 836 836 836 837 839 840 839 839 839 839 839 839 839 840 840 841 842 843 844 845 845 845 845 845 845 844 844 845 844 842 842 841 841 840 840 840 841 843 844 844 844 845 846 845 844 845 845 844 844 845 844 843 841 840 838 837 836 835 834 833 833 832 831 830 830 829 828 827 826 825 825 825 825 825 826 825 825 825 825 825 825 826 826 826
838 836 834 833 833 834 834 834 835 835 835 835 836 837 838 840 840 840 840 840 840 840 840 841 841 842 843 844 845 846 846 846 846 846 846 844 844 846 844 843 842 841 841 840 841 840 841 842 843 843 844 845 846 846 846 845 845 844 845 845 845 843 840 839 838 837 836 836 835 834 833 834 833 832 831 830 829 828 827 826 826 826 826 826 825 825 825 825 826 825 825 826 826 826
836 834 832 832 832 833 833 833 834 834 835 835 835 836 837 839 840 840 840 841 840 840 841 842 842 843 844 844 846 846 846 846 846 846 846 845 845 846 845 844 842 842 841 841 841 841 842 842 842 843 844 844 846 846 847 846 846 845 846 845 844 842 841 839 838 837 836 836 835 835 835 835 834 833 833 832 830 830 828 828 828 827 827 827 826 826 826 826 826 826 826 827 827 827
834 832 831 830 831 831 832 833 833 834 835 835 835 836 837 838 840 840 841 841 841 842 843 843 844 845 845 845 847 847 847 847 847 847 846 846 846 846 845 843 843 842 841 841 841 842 843 843 844 844 844 844 846 847 847 847 846 845 846 845 844 842 841 839 839 837 837 837 837 837 837 837 836 835 834 832 832 831 830 829 829 829 829 829 828 828 825 826 827 827 827 827 828 828
832 831 829 829 830 830 831 832 834 835 835 835 836 837 838 840 841 842 842 842 842 844 844 845 846 846 846 847 847 848 848 848 848 847 847 847 846 846 845 843 843 842 841 841 842 844 845 845 846 846 846 846 846 847 848 847 847 846 847 845 843 842 840 840 839 838 838 838 839 838 839 838 837 836 835 833 833 832 832 830 830 830 830 830 829 828 826 824 825 826 826 826 827 828
