data/bc1/bc11_elevation.asc
ncols        434
nrows        396
xllcorner    619982.677826578263
yllcorner    5795662.359727926552
cellsize     18.758564863640
NODATA_value 32767
[rows 152 to 189 of 396, columns 252 to 335 of 434]
1401 1402 1402 1403 1403 1404 1404 1404 1406 1406 1408 1409 1411 1413 1416 1418 1421 1422 1422 1422 1427 1431 1435 1438 1440 1440 1440 1440 1441 1442 1443 1444 1444 1444 1444 1444 1443 1443 1445 1447 1451 1454 1456 1457 1458 1461 1464 1469 1472 1473 1475 1478 1477 1479 1481 1484 1485 1488 1488 1488 1489 1492 1494 1495 1495 1498 1503 1506 1509 1513 1516 1519 1521 1524 1527 1531 1534 1537 1538 1539 1541 1543 1544 1547
1403 1403 1403 1404 1404 1406 1407 1409 1410 1411 1412 1411 1414 1418 1421 1424 1425 1425 1426 1425 1429 1433 1437 1440 1442 1442 1442 1443 1444 1446 1447 1449 1449 1449 1448 1447 1446 1447 1447 1447 1451 1456 1458 1460 1462 1463 1466 1470 1471 1472 1473 1476 1478 1481 1484 1487 1489 1490 1490 1490 1491 1493 1494 1494 1496 1498 1502 1504 1507 1510 1513 1516 1518 1521 1524 1527 1531 1534 1535 1537 1539 1542 1542 1545
1404 1404 1405 1405 1406 1409 1411 1414 1415 1415 1415 1414 1417 1421 1424 1427 1429 1430 1429 1427 1431 1434 1438 1442 1444 1445 1446 1447 1448 1449 1450 1451 1452 1453 1453 1452 1451 1452 1451 1450 1451 1457 1461 1462 1463 1465 1468 1470 1471 1473 1474 1477 1481 1485 1487 1489 1491 1491 1491 1492 1492 1492 1493 1494 1495 1496 1499 1502 1505 1508 1510 1512 1515 1517 1520 1523 1527 1531 1532 1535 1537 1540 1541 1543
1405 1405 1406 1406 1409 1412 1415 1418 1418 1417 1417 1416 1419 1422 1425 1428 1431 1433 1434 1434 1436 1439 1442 1444 1446 1447 1447 1449 1450 1451 1453 1454 1455 1455 1456 1456 1457 1457 1454 1453 1451 1454 1461 1462 1463 1465 1471 1472 1474 1476 1479 1481 1485 1488 1490 1490 1491 1492 1492 1492 1492 1492 1491 1492 1493 1494 1497 1500 1503 1506 1508 1510 1512 1514 1516 1520 1524 1528 1531 1532 1535 1537 1540 1541
1406 1407 1407 1409 1411 1414 1417 1419 1420 1419 1419 1418 1420 1424 1426 1429 1432 1434 1437 1439 1441 1444 1445 1446 1447 1449 1450 1451 1452 1454 1455 1456 1457 1458 1460 1461 1463 1463 1461 1459 1456 1458 1466 1467 1470 1471 1475 1476 1479 1481 1484 1485 1488 1490 1491 1492 1492 1493 1493 1493 1492 1491 1491 1491 1491 1492 1495 1498 1501 1504 1506 1508 1508 1510 1513 1517 1521 1525 1527 1529 1531 1534 1537 1539
1407 1408 1409 1409 1413 1416 1418 1421 1421 1421 1421 1421 1422 1425 1427 1430 1433 1436 1439 1441 1444 1445 1446 1448 1449 1450 1452 1453 1455 1456 1457 1458 1460 1462 1464 1466 1469 1469 1468 1466 1463 1463 1468 1470 1474 1476 1479 1480 1483 1485 1488 1490 1491 1491 1492 1492 1493 1494 1493 1492 1492 1491 1491 1490 1490 1490 1493 1496 1499 1502 1504 1504 1504 1506 1510 1514 1519 1521 1523 1525 1527 1531 1534 1537
1409 1410 1411 1412 1414 1417 1420 1422 1423 1423 1423 1423 1424 1427 1429 1431 1434 1437 1441 1444 1446 1448 1449 1450 1451 1452 1453 1455 1456 1458 1460 1462 1463 1466 1468 1470 1473 1475 1474 1471 1469 1469 1473 1475 1479 1482 1484 1486 1488 1490 1491 1492 1492 1492 1493 1493 1494 1494 1493 1492 1491 1491 1490 1490 1490 1489 1491 1494 1497 1500 1501 1502 1503 1504 1508 1513 1516 1517 1519 1521 1524 1528 1531 1534
1412 1413 1414 1414 1416 1418 1421 1424 1426 1426 1426 1426 1426 1428 1431 1433 1435 1439 1443 1446 1449 1450 1451 1452 1452 1454 1455 1456 1458 1460 1463 1465 1466 1469 1471 1473 1476 1479 1477 1476 1475 1477 1480 1482 1485 1487 1489 1491 1493 1493 1493 1493 1492 1492 1493 1494 1495 1495 1494 1493 1492 1491 1490 1489 1488 1488 1489 1492 1495 1498 1500 1501 1502 1504 1507 1511 1512 1513 1515 1517 1521 1525 1528 1530
1415 1415 1416 1416 1418 1420 1423 1426 1428 1428 1428 1428 1427 1430 1432 1435 1437 1441 1444 1447 1450 1451 1452 1453 1454 1455 1456 1458 1460 1463 1464 1467 1470 1471 1474 1477 1479 1482 1483 1483 1483 1483 1486 1488 1490 1491 1492 1493 1494 1494 1494 1494 1493 1493 1493 1494 1495 1495 1495 1493 1492 1490 1489 1489 1487 1487 1488 1490 1493 1496 1498 1500 1501 1504 1505 1507 1508 1509 1510 1514 1518 1522 1525 1528
1415 1415 1416 1417 1419 1422 1425 1427 1429 1429 1429 1429 1429 1431 1434 1436 1439 1442 1445 1448 1450 1452 1453 1454 1455 1457 1459 1460 1462 1464 1467 1469 1471 1474 1477 1478 1481 1482 1485 1487 1489 1489 1491 1492 1494 1494 1495 1495 1494 1497 1496 1496 1495 1494 1494 1494 1495 1495 1495 1493 1492 1490 1488 1488 1487 1486 1486 1489 1491 1494 1496 1498 1499 1501 1502 1503 1504 1505 1507 1511 1515 1519 1522 1524
1415 1416 1417 1418 1421 1423 1426 1428 1430 1430 1430 1430 1430 1432 1434 1437 1440 1442 1445 1448 1450 1452 1453 1455 1457 1460 1461 1463 1464 1465 1468 1470 1473 1475 1478 1480 1481 1483 1485 1487 1489 1491 1493 1494 1495 1496 1496 1496 1496 1497 1498 1498 1497 1496 1496 1496 1496 1496 1495 1493 1491 1489 1488 1487 1486 1485 1485 1487 1488 1491 1492 1495 1496 1498 1498 1499 1501 1503 1505 1507 1511 1515 1518 1520
1415 1417 1419 1420 1422 1424 1426 1429 1430 1431 1431 1431 1431 1432 1435 1438 1440 1442 1445 1448 1450 1452 1454 1457 1460 1463 1464 1465 1465 1466 1469 1471 1474 1476 1478 1480 1481 1482 1484 1486 1489 1491 1493 1494 1495 1496 1496 1496 1497 1498 1499 1499 1498 1498 1497 1497 1497 1495 1494 1493 1491 1489 1488 1486 1486 1484 1484 1485 1485 1487 1490 1491 1493 1494 1495 1497 1499 1501 1503 1504 1507 1511 1513 1516
1416 1417 1419 1421 1422 1424 1426 1429 1431 1432 1432 1432 1431 1433 1436 1438 1440 1442 1445 1447 1450 1453 1455 1458 1461 1463 1465 1465 1466 1466 1469 1471 1475 1477 1479 1480 1481 1483 1484 1486 1489 1491 1492 1493 1495 1495 1496 1496 1497 1498 1499 1499 1498 1498 1497 1496 1495 1495 1493 1491 1490 1488 1487 1486 1485 1484 1483 1483 1485 1486 1488 1489 1491 1492 1495 1496 1497 1499 1500 1503 1504 1508 1509 1513
1415 1417 1418 1420 1422 1424 1426 1429 1431 1432 1433 1433 1433 1435 1437 1439 1442 1444 1445 1447 1450 1453 1455 1458 1461 1463 1464 1465 1467 1467 1468 1472 1474 1476 1479 1482 1484 1485 1487 1488 1489 1491 1492 1493 1494 1495 1496 1497 1498 1498 1500 1499 1499 1498 1497 1495 1494 1493 1492 1490 1489 1488 1486 1486 1484 1483 1482 1482 1484 1484 1485 1486 1488 1490 1491 1493 1496 1497 1498 1501 1502 1505 1508 1513
1415 1417 1418 1419 1422 1423 1426 1429 1430 1433 1435 1435 1436 1438 1440 1443 1445 1447 1448 1449 1450 1452 1454 1457 1460 1461 1463 1465 1466 1467 1469 1471 1473 1476 1478 1481 1483 1485 1487 1488 1488 1490 1490 1492 1493 1494 1496 1497 1498 1499 1499 1499 1498 1497 1497 1495 1493 1492 1491 1489 1488 1488 1487 1485 1484 1483 1481 1481 1482 1482 1482 1483 1486 1486 1488 1488 1491 1492 1494 1499 1502 1504 1508 1512
1415 1417 1418 1419 1422 1423 1426 1428 1430 1433 1437 1437 1439 1442 1444 1446 1448 1450 1451 1453 1454 1454 1456 1458 1460 1461 1463 1464 1465 1466 1468 1470 1472 1475 1477 1480 1482 1484 1485 1487 1488 1488 1489 1490 1492 1493 1495 1497 1497 1497 1497 1497 1497 1496 1496 1495 1493 1491 1490 1488 1488 1487 1487 1485 1484 1482 1480 1479 1479 1479 1479 1480 1481 1482 1484 1484 1485 1489 1491 1496 1500 1504 1506 1511
1415 1417 1418 1419 1421 1423 1425 1427 1430 1432 1436 1439 1440 1442 1443 1444 1446 1448 1450 1454 1459 1460 1460 1460 1460 1461 1463 1463 1464 1464 1467 1469 1472 1474 1477 1479 1482 1483 1484 1485 1486 1486 1488 1488 1490 1493 1495 1496 1496 1496 1496 1496 1496 1495 1495 1493 1492 1490 1487 1486 1486 1486 1486 1485 1483 1481 1479 1477 1477 1477 1477 1478 1477 1478 1479 1481 1482 1487 1489 1493 1498 1503 1505 1510
1415 1417 1418 1419 1421 1423 1425 1427 1430 1432 1436 1436 1437 1435 1437 1439 1440 1443 1445 1447 1449 1453 1454 1455 1457 1459 1461 1461 1462 1464 1465 1468 1471 1474 1477 1478 1481 1481 1482 1483 1485 1486 1487 1489 1491 1493 1494 1494 1494 1494 1494 1494 1494 1493 1492 1491 1489 1487 1484 1482 1483 1483 1483 1483 1481 1479 1476 1474 1474 1474 1476 1477 1477 1475 1474 1476 1481 1484 1487 1491 1496 1500 1505 1509
1416 1417 1418 1419 1421 1422 1425 1427 1430 1433 1434 1432 1432 1431 1433 1435 1438 1441 1443 1445 1447 1449 1450 1452 1455 1457 1459 1460 1461 1462 1463 1466 1468 1471 1475 1477 1478 1479 1481 1482 1483 1485 1487 1489 1491 1491 1492 1491 1491 1491 1491 1490 1490 1490 1489 1487 1486 1484 1481 1479 1478 1478 1479 1479 1478 1476 1474 1472 1472 1473 1475 1477 1477 1476 1474 1477 1480 1483 1485 1489 1493 1498 1502 1505
1416 1417 1418 1419 1421 1422 1425 1427 1430 1432 1430 1429 1429 1430 1431 1434 1437 1440 1443 1444 1445 1446 1446 1449 1452 1454 1456 1458 1458 1460 1461 1463 1466 1469 1472 1474 1475 1477 1479 1479 1482 1483 1484 1485 1487 1488 1490 1489 1489 1488 1487 1486 1486 1486 1486 1484 1482 1480 1478 1475 1475 1475 1476 1475 1475 1473 1472 1470 1471 1473 1475 1477 1476 1471 1471 1475 1477 1480 1484 1487 1491 1495 1498 1502
1417 1419 1419 1419 1421 1422 1425 1427 1430 1427 1426 1427 1427 1427 1429 1432 1435 1438 1440 1441 1442 1443 1443 1446 1448 1451 1453 1454 1456 1457 1459 1460 1464 1466 1469 1471 1473 1474 1476 1477 1479 1479 1480 1480 1482 1483 1485 1486 1486 1484 1483 1482 1482 1482 1482 1481 1479 1477 1474 1471 1471 1471 1472 1472 1471 1470 1469 1467 1469 1471 1473 1474 1473 1467 1468 1471 1473 1476 1480 1483 1485 1489 1492 1496
1418 1419 1420 1421 1421 1422 1423 1427 1427 1425 1423 1424 1424 1424 1426 1428 1431 1433 1435 1437 1438 1439 1440 1443 1444 1447 1449 1451 1452 1454 1456 1457 1460 1463 1465 1468 1470 1471 1472 1473 1474 1475 1476 1475 1477 1477 1479 1480 1480 1481 1479 1478 1478 1478 1478 1478 1476 1473 1471 1468 1467 1468 1468 1469 1468 1467 1466 1465 1466 1468 1468 1468 1467 1464 1465 1467 1469 1471 1474 1476 1478 1482 1485 1490
1420 1420 1421 1422 1422 1423 1424 1424 1423 1422 1421 1421 1421 1421 1422 1425 1426 1428 1430 1431 1433 1434 1437 1438 1441 1442 1445 1447 1448 1450 1452 1455 1457 1459 1461 1464 1466 1467 1468 1469 1470 1470 1471 1471 1471 1472 1473 1473 1474 1475 1475 1474 1473 1474 1473 1473 1471 1469 1467 1465 1464 1465 1465 1466 1465 1464 1463 1462 1461 1461 1460 1459 1459 1460 1462 1463 1465 1465 1467 1468 1470 1474 1479 1484
1421 1421 1422 1423 1424 1424 1423 1422 1421 1419 1418 1418 1418 1418 1418 1420 1421 1423 1424 1426 1428 1430 1432 1434 1436 1438 1441 1442 1444 1447 1451 1453 1455 1455 1457 1460 1462 1463 1464 1465 1465 1465 1465 1466 1466 1467 1467 1467 1468 1469 1470 1470 1469 1468 1467 1467 1466 1464 1463 1461 1461 1461 1461 1461 1462 1461 1460 1459 1458 1458 1456 1456 1455 1456 1461 1461 1461 1461 1461 1462 1463 1468 1473 1477
1422 1422 1423 1424 1425 1424 1421 1419 1418 1417 1416 1416 1416 1415 1414 1416 1417 1418 1419 1421 1423 1426 1427 1430 1432 1434 1436 1438 1442 1446 1449 1452 1453 1453 1455 1456 1457 1458 1458 1457 1458 1459 1460 1461 1462 1462 1462 1464 1464 1464 1464 1465 1464 1463 1462 1461 1460 1459 1458 1457 1457 1457 1457 1458 1458 1457 1457 1456 1455 1454 1453 1453 1451 1452 1454 1455 1455 1455 1455 1456 1459 1464 1468 1472
1424 1423 1424 1425 1424 1421 1418 1416 1416 1414 1413 1412 1412 1412 1411 1412 1413 1414 1414 1416 1417 1420 1421 1423 1424 1427 1429 1431 1434 1439 1443 1447 1449 1449 1450 1450 1450 1450 1450 1451 1452 1453 1455 1456 1457 1457 1458 1460 1459 1460 1460 1461 1460 1459 1458 1456 1454 1454 1453 1453 1453 1453 1453 1454 1455 1455 1454 1453 1452 1450 1450 1449 1448 1448 1447 1448 1449 1448 1449 1451 1456 1460 1463 1467
1426 1427 1425 1424 1421 1418 1415 1414 1413 1411 1410 1409 1408 1408 1406 1407 1407 1408 1409 1410 1410 1411 1412 1415 1417 1418 1420 1423 1424 1428 1433 1438 1441 1442 1443 1443 1442 1443 1443 1445 1447 1448 1450 1451 1452 1453 1454 1454 1454 1455 1455 1456 1456 1454 1453 1450 1450 1449 1448 1449 1449 1449 1450 1451 1453 1453 1451 1450 1448 1447 1446 1445 1445 1443 1441 1442 1441 1441 1443 1448 1453 1457 1460 1463
1426 1426 1425 1422 1418 1415 1412 1411 1409 1406 1405 1404 1403 1402 1401 1401 1402 1402 1403 1403 1403 1404 1405 1408 1410 1412 1413 1415 1416 1418 1422 1425 1429 1433 1434 1434 1435 1437 1438 1440 1441 1442 1444 1446 1447 1447 1448 1449 1450 1450 1450 1450 1450 1448 1447 1445 1445 1444 1444 1444 1445 1446 1447 1448 1449 1450 1448 1447 1444 1443 1442 1442 1440 1437 1436 1435 1435 1436 1440 1444 1449 1453 1456 1459
1425 1423 1422 1419 1416 1412 1408 1406 1402 1400 1400 1399 1398 1396 1396 1396 1396 1397 1398 1398 1398 1399 1400 1402 1404 1405 1407 1409 1409 1411 1413 1416 1419 1422 1425 1427 1429 1431 1432 1433 1433 1435 1437 1440 1442 1442 1443 1444 1445 1445 1445 1444 1444 1443 1442 1440 1440 1440 1440 1440 1441 1442 1443 1444 1445 1444 1443 1441 1440 1439 1438 1435 1433 1431 1431 1431 1432 1433 1436 1440 1445 1448 1450 1453
1421 1420 1419 1416 1413 1408 1403 1400 1396 1394 1395 1394 1392 1391 1390 1391 1391 1391 1392 1392 1393 1393 1395 1397 1398 1399 1401 1402 1404 1406 1409 1411 1412 1415 1418 1420 1421 1422 1424 1424 1427 1429 1432 1435 1437 1438 1439 1440 1441 1440 1440 1439 1438 1438 1437 1436 1435 1435 1435 1436 1436 1437 1438 1439 1439 1439 1437 1436 1435 1433 1432 1430 1429 1428 1427 1428 1429 1430 1431 1435 1439 1443 1446 1448
1415 1415 1414 1412 1408 1403 1399 1395 1392 1389 1390 1389 1386 1385 1385 1386 1386 1385 1386 1386 1387 1388 1390 1391 1392 1394 1394 1395 1398 1400 1403 1406 1408 1410 1413 1414 1415 1415 1416 1417 1420 1423 1426 1430 1432 1432 1433 1433 1435 1434 1434 1434 1434 1432 1432 1431 1430 1430 1430 1431 1432 1432 1432 1433 1433 1433 1431 1431 1429 1427 1425 1425 1424 1423 1423 1423 1424 1425 1425 1430 1434 1438 1440 1443
1408 1407 1406 1405 1402 1398 1394 1391 1388 1385 1385 1383 1380 1380 1381 1380 1379 1379 1380 1381 1382 1383 1384 1385 1386 1388 1388 1390 1393 1395 1398 1400 1403 1406 1407 1409 1410 1409 1409 1409 1412 1415 1419 1424 1426 1427 1427 1426 1425 1423 1424 1426 1427 1427 1426 1425 1425 1425 1425 1426 1426 1427 1427 1426 1427 1427 1426 1424 1422 1422 1421 1420 1419 1418 1417 1418 1419 1419 1419 1424 1428 1433 1435 1437
1400 1398 1398 1398 1395 1393 1389 1386 1384 1382 1379 1375 1372 1375 1377 1377 1375 1375 1375 1376 1376 1376 1377 1378 1379 1381 1382 1385 1387 1390 1393 1395 1398 1400 1401 1404 1404 1403 1403 1402 1404 1408 1413 1417 1420 1419 1418 1418 1417 1417 1418 1419 1420 1420 1420 1419 1420 1420 1420 1421 1421 1421 1421 1423 1423 1423 1422 1421 1420 1420 1419 1418 1416 1414 1412 1412 1413 1413 1413 1417 1422 1427 1429 1432
1392 1391 1390 1389 1388 1388 1385 1383 1381 1379 1376 1372 1367 1371 1373 1373 1372 1372 1372 1372 1373 1372 1372 1373 1374 1375 1377 1379 1382 1384 1387 1390 1392 1393 1395 1397 1397 1396 1397 1397 1399 1402 1407 1410 1413 1411 1410 1411 1412 1414 1414 1415 1415 1415 1415 1415 1416 1415 1415 1415 1415 1415 1416 1416 1417 1418 1418 1417 1416 1415 1414 1412 1410 1408 1407 1406 1407 1408 1408 1411 1416 1421 1424 1426
1384 1384 1383 1382 1382 1382 1381 1379 1377 1375 1373 1369 1365 1367 1371 1370 1369 1369 1369 1368 1368 1368 1368 1368 1370 1371 1372 1374 1376 1379 1382 1385 1386 1388 1389 1390 1392 1392 1392 1393 1394 1397 1400 1402 1406 1405 1406 1408 1409 1410 1411 1410 1410 1410 1410 1410 1411 1410 1410 1410 1410 1410 1411 1411 1412 1413 1413 1412 1411 1410 1409 1407 1406 1405 1403 1404 1404 1404 1404 1406 1410 1415 1419 1421
1377 1378 1378 1377 1377 1377 1377 1375 1373 1371 1368 1366 1362 1364 1368 1368 1367 1366 1365 1364 1364 1364 1364 1364 1366 1367 1369 1370 1372 1374 1376 1379 1380 1382 1384 1386 1388 1388 1388 1388 1389 1391 1393 1396 1398 1400 1402 1403 1405 1405 1405 1404 1404 1404 1404 1404 1405 1405 1405 1404 1405 1405 1406 1406 1407 1409 1409 1408 1406 1405 1404 1403 1403 1402 1400 1401 1401 1401 1400 1401 1405 1409 1413 1415
1372 1373 1373 1373 1373 1373 1373 1370 1368 1365 1364 1361 1358 1359 1364 1365 1363 1362 1360 1360 1360 1360 1360 1360 1361 1363 1364 1367 1368 1370 1371 1374 1375 1378 1379 1382 1383 1384 1384 1383 1383 1385 1387 1390 1392 1393 1394 1395 1396 1396 1397 1398 1398 1398 1399 1399 1399 1399 1399 1399 1400 1400 1401 1402 1402 1404 1404 1404 1402 1401 1400 1399 1399 1398 1398 1397 1397 1396 1395 1396 1399 1402 1406 1409
1368 1369 1368 1369 1369 1369 1369 1367 1365 1364 1362 1359 1356 1356 1360 1361 1359 1358 1356 1356 1355 1354 1353 1354 1355 1358 1359 1361 1363 1364 1366 1369 1371 1373 1375 1376 1377 1378 1378 1378 1378 1379 1381 1383 1386 1387 1388 1388 1386 1387 1388 1391 1392 1393 1394 1391 1391 1391 1390 1391 1392 1394 1396 1397 1398 1399 1400 1398 1398 1397 1396 1395 1395 1395 1394 1392 1392 1391 1390 1390 1393 1396 1399 1401
