data/bc1/bc11_elevation.asc
ncols        434
nrows        396
xllcorner    619982.677826578263
yllcorner    5795662.359727926552
cellsize     18.758564863640
NODATA_value 32767
[rows 228 to 265 of 396, columns 84 to 167 of 434]
1061 1062 1064 1065 1066 1067 1068 1068 1068 1069 1070 1071 1072 1074 1075 1076 1076 1077 1078 1078 1078 1079 1079 1080 1083 1084 1085 1086 1085 1084 1083 1082 1083 1086 1087 1089 1088 1089 1089 1089 1091 1091 1092 1092 1093 1093 1094 1092 1090 1089 1088 1088 1089 1089 1089 1090 1090 1091 1092 1093 1093 1092 1091 1091 1092 1093 1095 1097 1099 1099 1100 1100 1100 1100 1101 1101 1102 1105 1107 1109 1112 1114 1115 1116
1059 1061 1062 1063 1064 1066 1067 1066 1066 1067 1067 1069 1071 1072 1073 1074 1074 1074 1075 1076 1076 1077 1077 1078 1080 1081 1083 1085 1085 1085 1084 1082 1080 1082 1084 1086 1086 1087 1087 1087 1088 1089 1090 1090 1090 1091 1091 1090 1089 1087 1086 1086 1087 1087 1088 1088 1088 1089 1089 1090 1090 1089 1089 1091 1092 1093 1095 1096 1096 1096 1096 1097 1098 1097 1098 1099 1100 1102 1105 1107 1110 1112 1113 1115
1058 1059 1060 1062 1063 1064 1065 1066 1065 1065 1065 1066 1068 1070 1070 1071 1072 1072 1073 1074 1073 1075 1074 1075 1077 1079 1080 1081 1082 1082 1083 1083 1079 1078 1080 1084 1085 1085 1085 1086 1087 1086 1087 1088 1088 1089 1089 1089 1087 1086 1084 1084 1085 1085 1085 1085 1087 1087 1087 1088 1088 1088 1088 1090 1092 1093 1093 1095 1094 1093 1094 1094 1094 1095 1095 1097 1098 1100 1103 1106 1108 1110 1112 1113
1057 1058 1059 1060 1061 1062 1064 1064 1063 1063 1064 1064 1065 1067 1067 1068 1069 1069 1070 1071 1072 1072 1072 1073 1074 1076 1077 1078 1079 1080 1080 1081 1078 1075 1077 1082 1082 1083 1084 1084 1085 1085 1086 1086 1086 1087 1088 1087 1086 1084 1083 1082 1083 1083 1084 1084 1085 1085 1086 1086 1087 1086 1087 1089 1092 1091 1092 1092 1093 1092 1091 1092 1092 1092 1093 1095 1096 1099 1101 1104 1106 1108 1109 1111
1055 1057 1057 1058 1060 1061 1062 1063 1063 1063 1063 1063 1063 1064 1065 1066 1066 1067 1068 1069 1070 1070 1070 1071 1071 1073 1074 1075 1076 1076 1077 1078 1076 1073 1073 1076 1079 1082 1082 1082 1083 1083 1083 1084 1084 1085 1085 1086 1084 1083 1081 1081 1082 1083 1083 1083 1084 1084 1085 1085 1086 1085 1087 1089 1091 1090 1090 1090 1091 1090 1089 1088 1089 1090 1092 1093 1095 1097 1100 1102 1104 1106 1107 1109
1054 1055 1056 1058 1059 1060 1061 1061 1062 1062 1062 1062 1062 1063 1063 1064 1064 1066 1067 1067 1068 1068 1068 1069 1069 1071 1071 1072 1073 1073 1075 1075 1074 1072 1072 1072 1072 1076 1078 1081 1082 1082 1082 1082 1083 1083 1083 1084 1083 1081 1081 1080 1080 1081 1081 1082 1082 1083 1083 1084 1085 1086 1087 1089 1090 1090 1089 1089 1089 1088 1087 1085 1087 1089 1091 1092 1094 1096 1099 1100 1103 1104 1106 1107
1053 1054 1055 1056 1057 1059 1059 1060 1060 1060 1060 1061 1061 1062 1062 1062 1064 1065 1065 1066 1067 1067 1067 1067 1068 1069 1069 1071 1071 1071 1072 1072 1072 1072 1072 1072 1069 1070 1074 1077 1079 1079 1080 1080 1081 1081 1082 1082 1081 1080 1080 1079 1079 1078 1079 1081 1081 1082 1083 1083 1084 1085 1086 1088 1089 1088 1088 1088 1088 1085 1083 1084 1086 1089 1090 1092 1094 1096 1098 1100 1102 1103 1104 1105
1051 1053 1054 1055 1056 1057 1058 1059 1059 1059 1059 1060 1060 1060 1061 1061 1063 1063 1064 1065 1065 1065 1066 1065 1066 1066 1068 1069 1069 1070 1070 1071 1071 1072 1073 1073 1071 1067 1071 1073 1074 1075 1076 1078 1079 1079 1080 1080 1080 1079 1079 1078 1077 1077 1078 1079 1080 1080 1082 1082 1082 1083 1086 1086 1087 1086 1087 1086 1084 1083 1083 1084 1086 1089 1090 1092 1094 1096 1098 1100 1100 1101 1102 1104
1049 1051 1052 1054 1054 1055 1056 1057 1057 1057 1058 1058 1060 1059 1060 1061 1062 1062 1063 1064 1063 1064 1064 1063 1064 1065 1066 1067 1068 1068 1068 1068 1068 1069 1070 1071 1071 1068 1067 1068 1070 1071 1072 1075 1077 1077 1078 1079 1079 1078 1077 1077 1075 1076 1076 1077 1078 1079 1080 1080 1081 1082 1084 1084 1085 1085 1084 1082 1082 1082 1083 1085 1086 1088 1090 1091 1094 1095 1097 1098 1098 1100 1100 1101
1047 1049 1051 1052 1053 1053 1055 1055 1056 1057 1057 1058 1059 1059 1059 1060 1060 1061 1062 1062 1062 1063 1063 1062 1062 1063 1065 1065 1066 1066 1066 1066 1066 1067 1068 1069 1070 1067 1066 1065 1066 1068 1070 1072 1075 1076 1076 1077 1077 1077 1075 1075 1074 1074 1074 1075 1076 1077 1078 1079 1080 1081 1082 1082 1083 1083 1081 1080 1079 1080 1082 1084 1085 1088 1089 1092 1093 1094 1094 1096 1097 1097 1098 1099
1046 1048 1049 1050 1052 1052 1053 1054 1055 1056 1056 1057 1058 1058 1058 1059 1059 1060 1061 1061 1061 1062 1062 1062 1061 1062 1063 1064 1064 1064 1064 1064 1064 1065 1065 1067 1068 1066 1065 1064 1064 1065 1067 1070 1072 1074 1074 1076 1075 1073 1072 1071 1072 1072 1073 1073 1073 1074 1077 1078 1078 1080 1080 1080 1080 1080 1078 1077 1076 1079 1081 1083 1085 1087 1089 1091 1091 1091 1091 1093 1094 1095 1096 1097
1045 1046 1047 1049 1050 1051 1051 1053 1054 1054 1056 1056 1057 1057 1057 1058 1058 1059 1059 1060 1061 1061 1061 1061 1060 1061 1061 1062 1063 1062 1062 1062 1062 1063 1063 1065 1066 1066 1065 1064 1064 1064 1065 1068 1071 1072 1072 1073 1072 1072 1070 1068 1070 1071 1070 1071 1071 1073 1074 1074 1076 1076 1077 1078 1078 1079 1076 1074 1075 1078 1080 1082 1085 1086 1089 1089 1088 1088 1088 1090 1091 1092 1094 1094
1043 1044 1046 1048 1049 1050 1051 1052 1052 1053 1054 1055 1055 1056 1056 1056 1057 1058 1058 1058 1059 1060 1060 1059 1059 1059 1060 1060 1061 1061 1061 1061 1061 1060 1062 1063 1064 1065 1064 1064 1064 1064 1063 1064 1068 1070 1069 1069 1069 1069 1068 1067 1068 1068 1069 1070 1071 1073 1073 1073 1074 1074 1075 1075 1076 1077 1075 1072 1074 1077 1079 1081 1084 1086 1087 1087 1087 1087 1087 1087 1088 1090 1091 1091
1041 1043 1044 1046 1047 1048 1049 1050 1051 1052 1053 1054 1054 1055 1055 1055 1056 1057 1057 1058 1058 1059 1059 1058 1058 1057 1058 1058 1058 1059 1059 1058 1058 1059 1060 1060 1062 1063 1063 1064 1063 1063 1062 1061 1065 1066 1066 1066 1065 1065 1066 1065 1066 1067 1068 1068 1069 1071 1072 1072 1072 1073 1073 1074 1074 1074 1072 1071 1073 1076 1079 1080 1083 1084 1085 1085 1085 1085 1086 1086 1087 1087 1088 1090
1040 1042 1043 1045 1046 1047 1048 1049 1050 1050 1051 1052 1053 1054 1054 1055 1055 1055 1056 1057 1057 1058 1058 1057 1056 1056 1056 1057 1057 1057 1057 1056 1056 1056 1058 1059 1060 1061 1061 1061 1062 1062 1059 1058 1060 1061 1062 1062 1062 1062 1064 1064 1065 1066 1066 1066 1067 1069 1069 1070 1070 1071 1071 1072 1072 1072 1070 1071 1073 1075 1078 1079 1081 1082 1083 1084 1084 1084 1085 1085 1086 1086 1087 1089
1039 1041 1042 1043 1044 1046 1046 1047 1049 1049 1050 1051 1052 1053 1053 1054 1054 1054 1054 1055 1056 1056 1056 1055 1054 1054 1054 1054 1055 1054 1055 1055 1055 1055 1056 1057 1058 1059 1060 1060 1060 1061 1059 1057 1056 1056 1057 1058 1058 1060 1061 1063 1064 1064 1065 1065 1065 1066 1067 1068 1069 1069 1069 1069 1069 1069 1069 1071 1073 1074 1076 1077 1078 1079 1080 1082 1083 1083 1083 1084 1085 1085 1087 1089
1038 1039 1040 1041 1043 1044 1045 1045 1047 1048 1048 1050 1051 1051 1052 1052 1052 1052 1053 1054 1054 1054 1055 1054 1053 1053 1052 1052 1052 1052 1053 1053 1053 1053 1054 1055 1056 1057 1058 1059 1059 1060 1058 1054 1055 1058 1057 1056 1055 1056 1059 1060 1062 1063 1062 1061 1061 1064 1065 1066 1067 1068 1067 1067 1067 1068 1068 1070 1072 1072 1073 1074 1076 1077 1078 1080 1082 1083 1083 1083 1083 1084 1086 1088
1036 1038 1038 1040 1041 1042 1044 1044 1045 1046 1047 1048 1049 1049 1050 1050 1050 1051 1051 1051 1052 1052 1053 1052 1051 1051 1051 1051 1051 1051 1051 1051 1051 1052 1051 1053 1054 1055 1055 1057 1058 1058 1057 1053 1054 1060 1057 1054 1054 1056 1057 1059 1061 1061 1060 1060 1061 1063 1064 1065 1066 1066 1065 1065 1065 1066 1067 1068 1069 1070 1071 1072 1073 1074 1076 1077 1079 1081 1082 1082 1083 1084 1085 1086
1036 1037 1038 1039 1040 1041 1042 1043 1044 1045 1046 1047 1048 1048 1049 1049 1049 1050 1050 1050 1051 1050 1051 1050 1050 1049 1048 1049 1049 1049 1049 1049 1049 1050 1050 1051 1052 1053 1054 1054 1055 1057 1055 1052 1052 1057 1056 1051 1053 1055 1057 1058 1058 1057 1057 1058 1060 1061 1063 1064 1065 1065 1065 1063 1063 1064 1065 1066 1067 1068 1069 1069 1071 1072 1073 1073 1075 1077 1079 1081 1081 1083 1084 1084
1036 1037 1039 1039 1040 1040 1042 1042 1043 1044 1045 1045 1046 1047 1047 1047 1048 1048 1048 1048 1049 1049 1049 1049 1049 1048 1047 1048 1048 1048 1048 1048 1048 1048 1048 1048 1049 1050 1051 1052 1053 1055 1054 1051 1049 1052 1053 1050 1052 1053 1056 1056 1055 1054 1055 1057 1059 1060 1061 1062 1063 1063 1063 1061 1062 1062 1063 1064 1065 1066 1067 1068 1069 1069 1071 1071 1070 1071 1075 1078 1079 1081 1082 1082
1036 1037 1039 1039 1039 1039 1041 1041 1042 1043 1044 1044 1045 1046 1046 1046 1046 1046 1047 1047 1047 1047 1047 1047 1047 1047 1046 1046 1046 1047 1047 1047 1047 1047 1047 1047 1047 1048 1049 1050 1051 1053 1053 1050 1048 1049 1050 1050 1051 1053 1053 1053 1054 1054 1055 1057 1058 1059 1059 1059 1061 1061 1061 1061 1062 1063 1062 1063 1063 1065 1065 1066 1067 1067 1069 1069 1069 1070 1074 1076 1077 1078 1079 1080
1036 1037 1038 1038 1038 1039 1040 1040 1042 1043 1043 1043 1044 1044 1044 1045 1045 1045 1046 1046 1046 1046 1046 1046 1045 1045 1045 1044 1045 1045 1046 1046 1046 1046 1046 1046 1046 1047 1047 1048 1050 1051 1051 1049 1047 1047 1048 1049 1050 1051 1051 1052 1053 1054 1055 1056 1056 1056 1057 1058 1058 1059 1058 1060 1063 1064 1063 1063 1063 1064 1064 1064 1064 1066 1067 1068 1070 1072 1074 1074 1075 1076 1077 1078
1036 1037 1037 1037 1038 1038 1039 1040 1041 1042 1042 1042 1042 1042 1043 1043 1043 1044 1044 1044 1044 1044 1044 1044 1044 1044 1044 1043 1044 1044 1045 1045 1045 1045 1045 1046 1046 1046 1046 1047 1048 1049 1050 1049 1047 1046 1047 1048 1048 1050 1050 1050 1051 1053 1053 1055 1054 1054 1055 1056 1056 1057 1057 1058 1060 1063 1064 1064 1064 1064 1064 1063 1063 1065 1067 1068 1070 1071 1073 1073 1074 1075 1076 1076
1036 1037 1037 1037 1038 1038 1039 1040 1040 1042 1041 1041 1041 1041 1041 1041 1042 1042 1042 1042 1042 1042 1042 1042 1042 1042 1042 1042 1042 1042 1042 1043 1043 1044 1044 1045 1045 1045 1045 1045 1046 1046 1047 1047 1047 1045 1045 1046 1046 1048 1048 1049 1050 1052 1053 1054 1053 1054 1054 1055 1056 1057 1056 1055 1058 1061 1063 1063 1064 1061 1063 1064 1064 1065 1068 1069 1070 1071 1071 1072 1072 1074 1074 1075
1035 1036 1037 1037 1038 1038 1039 1040 1040 1042 1041 1039 1039 1039 1039 1039 1040 1040 1040 1040 1040 1040 1041 1041 1041 1041 1040 1041 1040 1040 1040 1040 1040 1042 1042 1042 1042 1043 1043 1043 1044 1044 1045 1045 1045 1044 1044 1045 1045 1046 1046 1048 1049 1050 1052 1052 1052 1052 1052 1054 1056 1057 1056 1055 1057 1059 1060 1060 1061 1062 1064 1065 1065 1067 1068 1068 1069 1069 1070 1071 1071 1071 1071 1072
1035 1036 1037 1037 1038 1038 1039 1039 1040 1041 1041 1039 1038 1037 1037 1037 1038 1038 1038 1038 1038 1038 1038 1038 1039 1038 1038 1039 1039 1039 1039 1039 1038 1039 1040 1040 1040 1041 1041 1042 1042 1042 1042 1043 1042 1043 1042 1042 1042 1045 1046 1047 1048 1050 1051 1051 1051 1051 1051 1052 1055 1056 1055 1055 1055 1057 1058 1057 1059 1062 1064 1064 1066 1066 1067 1067 1068 1068 1069 1069 1069 1069 1069 1069
1035 1036 1037 1037 1038 1038 1038 1039 1040 1041 1041 1039 1037 1036 1036 1036 1036 1036 1036 1036 1036 1037 1036 1036 1037 1037 1036 1037 1037 1037 1037 1037 1037 1038 1038 1038 1037 1038 1038 1039 1040 1040 1041 1040 1040 1040 1040 1041 1042 1043 1046 1046 1048 1049 1050 1050 1050 1050 1052 1054 1056 1055 1054 1054 1053 1056 1056 1058 1060 1061 1062 1063 1065 1065 1066 1066 1066 1067 1067 1067 1067 1068 1067 1067
1034 1035 1037 1037 1037 1038 1038 1039 1040 1040 1040 1039 1037 1035 1035 1036 1036 1037 1039 1036 1035 1035 1036 1036 1036 1037 1037 1037 1037 1036 1036 1037 1037 1038 1038 1038 1037 1037 1037 1037 1037 1037 1038 1037 1037 1038 1041 1041 1042 1043 1045 1045 1047 1048 1048 1050 1051 1053 1054 1055 1054 1053 1052 1053 1053 1056 1057 1058 1059 1060 1061 1062 1064 1064 1065 1065 1065 1066 1066 1066 1068 1068 1067 1067
1034 1035 1036 1036 1036 1037 1037 1038 1037 1038 1038 1037 1035 1036 1036 1037 1037 1039 1039 1036 1036 1037 1037 1038 1038 1039 1040 1040 1039 1037 1037 1038 1039 1039 1040 1040 1039 1039 1038 1038 1037 1037 1036 1036 1037 1038 1042 1041 1042 1044 1044 1045 1046 1047 1047 1049 1050 1053 1054 1054 1051 1051 1052 1053 1054 1056 1056 1057 1059 1060 1060 1062 1063 1063 1063 1064 1064 1064 1066 1067 1068 1069 1069 1071
1033 1035 1035 1035 1036 1036 1036 1036 1035 1035 1035 1035 1035 1036 1037 1038 1039 1039 1039 1037 1037 1038 1038 1039 1039 1039 1040 1040 1039 1038 1039 1039 1040 1040 1041 1041 1041 1041 1041 1041 1041 1040 1039 1040 1039 1040 1042 1042 1043 1044 1044 1044 1045 1045 1047 1048 1049 1052 1053 1052 1049 1050 1051 1053 1054 1055 1056 1057 1058 1059 1060 1061 1062 1062 1063 1063 1064 1064 1066 1068 1069 1071 1072 1073
1033 1033 1034 1034 1035 1035 1035 1035 1035 1034 1034 1036 1036 1037 1037 1039 1039 1039 1038 1038 1038 1038 1039 1039 1039 1039 1040 1040 1039 1039 1040 1040 1041 1041 1041 1041 1041 1041 1041 1041 1041 1042 1042 1043 1042 1042 1043 1043 1044 1044 1043 1043 1044 1044 1046 1047 1048 1051 1052 1050 1049 1050 1052 1053 1054 1055 1056 1057 1058 1059 1060 1060 1062 1062 1063 1063 1064 1064 1066 1067 1069 1071 1071 1073
1031 1032 1032 1033 1033 1033 1033 1033 1033 1034 1036 1037 1038 1038 1038 1039 1039 1038 1038 1038 1038 1038 1039 1039 1039 1039 1040 1040 1040 1039 1041 1041 1042 1042 1042 1041 1041 1041 1041 1041 1041 1042 1042 1043 1043 1044 1044 1044 1044 1043 1041 1041 1042 1044 1045 1047 1048 1050 1051 1052 1050 1051 1052 1054 1054 1056 1057 1057 1058 1059 1060 1060 1061 1061 1062 1063 1064 1064 1066 1067 1069 1070 1071 1073
1030 1031 1031 1032 1032 1032 1032 1032 1033 1034 1036 1038 1038 1038 1038 1038 1038 1038 1038 1038 1038 1038 1039 1039 1039 1039 1039 1040 1040 1040 1041 1042 1042 1042 1042 1041 1041 1041 1041 1041 1041 1042 1042 1042 1043 1043 1043 1044 1044 1043 1041 1040 1042 1044 1046 1046 1046 1049 1052 1052 1050 1051 1052 1054 1055 1056 1057 1058 1058 1059 1060 1060 1060 1060 1061 1063 1064 1064 1065 1067 1068 1069 1071 1073
1029 1030 1030 1030 1031 1031 1032 1033 1033 1034 1035 1037 1037 1037 1037 1038 1037 1037 1037 1038 1038 1038 1038 1039 1039 1039 1039 1040 1040 1040 1041 1041 1042 1042 1042 1041 1041 1041 1041 1041 1041 1041 1042 1042 1042 1043 1043 1044 1044 1044 1042 1041 1043 1045 1047 1046 1047 1050 1051 1051 1051 1052 1053 1054 1055 1056 1057 1058 1058 1059 1060 1060 1061 1061 1062 1063 1063 1064 1065 1067 1068 1069 1071 1073
1029 1030 1030 1030 1031 1031 1032 1033 1033 1034 1034 1035 1037 1036 1036 1038 1037 1037 1037 1037 1037 1038 1038 1038 1039 1039 1039 1040 1040 1040 1041 1041 1042 1042 1042 1041 1041 1041 1041 1041 1041 1041 1041 1042 1042 1043 1043 1043 1044 1044 1044 1044 1045 1045 1047 1046 1047 1048 1050 1052 1051 1053 1054 1055 1056 1056 1057 1058 1058 1059 1060 1060 1061 1061 1062 1063 1063 1064 1064 1067 1068 1069 1071 1073
1029 1030 1031 1032 1032 1033 1033 1034 1035 1034 1034 1035 1036 1036 1036 1037 1037 1037 1037 1037 1037 1037 1038 1038 1039 1039 1039 1040 1040 1040 1041 1041 1042 1042 1042 1042 1042 1042 1042 1041 1041 1041 1041 1041 1042 1042 1043 1043 1044 1044 1045 1045 1045 1045 1046 1044 1045 1046 1049 1052 1052 1053 1055 1055 1056 1056 1057 1058 1058 1059 1060 1060 1061 1061 1062 1063 1063 1063 1064 1066 1068 1069 1071 1072
1031 1031 1032 1032 1033 1034 1035 1035 1036 1035 1035 1035 1035 1035 1036 1036 1036 1036 1036 1037 1037 1037 1038 1038 1039 1039 1039 1040 1040 1040 1041 1041 1042 1042 1042 1042 1042 1042 1042 1041 1041 1040 1041 1041 1042 1042 1042 1043 1044 1044 1045 1044 1044 1044 1044 1043 1043 1045 1047 1050 1052 1054 1055 1056 1056 1056 1057 1058 1058 1059 1060 1060 1060 1061 1062 1062 1063 1063 1065 1066 1068 1069 1070 1072
1030 1030 1031 1031 1033 1033 1035 1035 1035 1035 1035 1034 1033 1034 1034 1034 1035 1035 1035 1036 1038 1038 1038 1038 1039 1039 1039 1039 1040 1040 1041 1041 1041 1042 1042 1042 1042 1042 1041 1041 1040 1040 1040 1041 1041 1042 1042 1043 1043 1044 1045 1044 1042 1042 1042 1042 1043 1044 1047 1050 1052 1053 1054 1056 1056 1057 1058 1058 1058 1059 1059 1060 1060 1061 1061 1062 1063 1063 1064 1065 1066 1068 1068 1070
