data/bc1/bc11_elevation.asc
ncols        434
nrows        396
xllcorner    619982.677826578263
yllcorner    5795662.359727926552
cellsize     18.758564863640
NODATA_value 32767
[rows 190 to 227 of 396, columns 0 to 83 of 434]
998 999 1001 1003 1004 1006 1009 1012 1014 1017 1018 1019 1020 1020 1022 1023 1024 1026 1027 1030 1032 1034 1036 1037 1039 1040 1042 1044 1045 1046 1049 1050 1052 1053 1056 1057 1059 1061 1062 1064 1066 1068 1069 1071 1073 1074 1076 1078 1079 1079 1080 1081 1082 1084 1086 1089 1091 1092 1093 1094 1095 1096 1098 1100 1102 1103 1106 1107 1109 1111 1113 1115 1116 1116 1117 1118 1121 1122 1125 1127 1129 1131 1133 1135
998 999 1001 1003 1004 1006 1008 1011 1013 1016 1018 1019 1019 1020 1021 1022 1024 1025 1027 1029 1032 1034 1036 1037 1039 1040 1041 1043 1044 1046 1048 1050 1051 1054 1055 1056 1058 1060 1061 1063 1065 1066 1068 1070 1072 1073 1076 1077 1078 1079 1080 1080 1081 1084 1086 1088 1089 1090 1092 1092 1094 1095 1097 1098 1101 1102 1104 1106 1108 1110 1112 1113 1115 1115 1116 1117 1119 1121 1123 1126 1127 1129 1132 1134
997 999 1000 1002 1003 1005 1007 1010 1013 1016 1018 1018 1019 1020 1020 1021 1023 1024 1026 1028 1031 1033 1035 1037 1038 1039 1041 1042 1043 1046 1047 1049 1051 1053 1054 1055 1057 1059 1060 1062 1064 1065 1068 1069 1071 1072 1074 1076 1077 1078 1079 1080 1081 1084 1085 1087 1088 1089 1090 1091 1093 1093 1095 1097 1099 1100 1102 1105 1107 1109 1111 1112 1113 1114 1115 1115 1117 1119 1122 1124 1126 1128 1130 1132
996 998 1001 1002 1003 1005 1008 1010 1013 1015 1017 1018 1018 1019 1019 1021 1022 1023 1025 1028 1030 1033 1035 1037 1037 1039 1040 1041 1042 1045 1047 1049 1051 1052 1053 1055 1056 1058 1059 1061 1063 1064 1066 1068 1069 1072 1073 1075 1076 1078 1079 1080 1082 1083 1085 1086 1086 1087 1088 1090 1091 1092 1094 1095 1097 1098 1101 1103 1105 1108 1109 1111 1113 1113 1113 1114 1116 1118 1120 1123 1125 1127 1129 1131
996 998 1001 1002 1003 1004 1007 1009 1012 1015 1016 1017 1018 1018 1018 1020 1021 1023 1024 1027 1029 1031 1034 1035 1036 1038 1039 1040 1041 1044 1045 1048 1050 1051 1052 1054 1055 1057 1059 1060 1061 1063 1065 1067 1068 1071 1072 1074 1075 1077 1078 1080 1081 1082 1084 1084 1084 1085 1087 1088 1089 1091 1092 1093 1096 1097 1099 1102 1104 1106 1107 1110 1111 1112 1112 1113 1114 1117 1119 1122 1124 1125 1128 1129
995 998 1000 1001 1003 1004 1006 1008 1010 1013 1015 1016 1016 1017 1018 1019 1021 1022 1024 1026 1028 1030 1033 1034 1036 1037 1038 1039 1041 1043 1045 1047 1049 1050 1052 1053 1054 1056 1058 1059 1060 1063 1064 1066 1068 1070 1071 1072 1073 1076 1077 1078 1080 1081 1082 1083 1083 1084 1086 1087 1088 1089 1091 1092 1094 1096 1098 1100 1103 1104 1107 1108 1109 1110 1111 1111 1112 1115 1118 1120 1122 1124 1125 1126
993 997 999 1000 1002 1004 1005 1008 1009 1011 1013 1015 1015 1016 1018 1018 1020 1022 1024 1024 1027 1029 1031 1034 1035 1036 1037 1039 1040 1042 1045 1047 1049 1050 1052 1053 1053 1055 1057 1058 1059 1062 1063 1065 1067 1068 1069 1070 1072 1074 1075 1077 1078 1080 1082 1082 1083 1084 1085 1085 1086 1088 1089 1091 1092 1094 1097 1099 1100 1103 1104 1106 1107 1109 1109 1110 1111 1113 1116 1119 1120 1121 1122 1124
992 995 998 1000 1001 1002 1004 1007 1008 1010 1012 1014 1014 1016 1017 1018 1020 1021 1022 1023 1025 1028 1030 1032 1034 1035 1036 1038 1039 1041 1044 1046 1048 1050 1050 1051 1052 1054 1056 1057 1059 1060 1062 1064 1066 1067 1069 1069 1070 1072 1074 1075 1077 1079 1081 1081 1082 1083 1083 1084 1086 1087 1088 1089 1091 1093 1095 1097 1099 1100 1102 1104 1106 1108 1108 1109 1110 1112 1114 1115 1117 1118 1119 1121
991 994 997 999 1000 1002 1003 1006 1007 1009 1011 1012 1013 1015 1016 1017 1020 1021 1021 1022 1024 1026 1029 1031 1033 1034 1036 1037 1039 1041 1043 1045 1047 1048 1049 1050 1052 1053 1055 1056 1058 1059 1062 1063 1065 1067 1068 1069 1069 1071 1072 1074 1076 1078 1079 1080 1081 1081 1082 1083 1085 1085 1086 1088 1089 1091 1093 1095 1097 1098 1100 1102 1104 1106 1107 1108 1108 1110 1111 1113 1114 1115 1117 1119
990 992 996 998 999 1001 1003 1005 1006 1008 1010 1011 1012 1015 1016 1017 1019 1019 1020 1021 1023 1024 1027 1030 1031 1033 1036 1037 1038 1041 1042 1044 1046 1047 1048 1049 1050 1052 1053 1055 1057 1058 1060 1062 1064 1067 1067 1068 1068 1069 1071 1072 1075 1077 1078 1079 1079 1080 1080 1082 1082 1084 1086 1087 1088 1089 1092 1093 1095 1097 1098 1101 1103 1105 1106 1106 1107 1108 1109 1110 1112 1113 1115 1117
989 992 995 997 998 1001 1002 1004 1006 1007 1008 1010 1012 1013 1014 1017 1018 1018 1019 1020 1021 1023 1025 1028 1030 1032 1034 1036 1037 1040 1041 1043 1045 1046 1047 1048 1049 1050 1052 1054 1055 1057 1059 1061 1063 1065 1067 1067 1068 1068 1069 1071 1073 1075 1076 1077 1078 1079 1079 1080 1081 1083 1084 1085 1087 1088 1089 1092 1093 1095 1097 1099 1102 1104 1104 1105 1106 1106 1107 1109 1110 1111 1113 1115
989 992 994 996 997 999 1001 1003 1005 1006 1007 1009 1010 1012 1014 1016 1017 1018 1019 1020 1021 1023 1024 1026 1029 1031 1033 1035 1037 1038 1040 1042 1043 1044 1046 1047 1048 1049 1051 1053 1054 1056 1058 1060 1062 1064 1065 1065 1067 1067 1068 1070 1072 1073 1074 1075 1076 1077 1077 1079 1080 1081 1083 1084 1086 1086 1087 1089 1091 1093 1095 1097 1100 1103 1103 1104 1104 1104 1106 1107 1107 1109 1111 1112
988 990 992 995 996 998 1000 1002 1004 1005 1006 1008 1009 1012 1014 1016 1017 1018 1019 1020 1021 1022 1024 1026 1028 1030 1032 1034 1036 1037 1039 1041 1042 1043 1044 1045 1046 1048 1049 1051 1053 1055 1056 1058 1060 1062 1063 1063 1065 1066 1067 1069 1070 1071 1072 1073 1074 1074 1076 1077 1078 1080 1082 1083 1084 1084 1086 1087 1089 1090 1092 1095 1098 1100 1102 1102 1103 1103 1104 1105 1106 1106 1108 1110
987 989 991 994 995 997 1000 1002 1003 1004 1006 1008 1009 1011 1013 1015 1017 1018 1018 1020 1021 1022 1024 1026 1026 1028 1030 1033 1034 1036 1038 1039 1041 1041 1042 1044 1045 1046 1047 1050 1051 1053 1055 1057 1058 1059 1061 1062 1063 1064 1066 1066 1067 1069 1070 1071 1071 1073 1074 1075 1076 1079 1080 1081 1082 1083 1084 1085 1087 1088 1090 1093 1095 1098 1100 1101 1101 1102 1103 1103 1104 1104 1106 1107
986 988 990 992 994 996 999 1001 1002 1004 1006 1008 1009 1011 1013 1014 1017 1018 1019 1019 1021 1022 1023 1025 1025 1027 1029 1032 1034 1035 1037 1038 1039 1039 1041 1042 1043 1044 1046 1048 1050 1052 1053 1055 1056 1058 1059 1060 1061 1063 1064 1064 1066 1067 1067 1069 1070 1070 1071 1073 1075 1076 1078 1080 1080 1081 1082 1084 1085 1086 1089 1090 1093 1095 1098 1098 1099 1100 1101 1101 1101 1102 1104 1105
986 988 990 992 993 995 998 1001 1002 1004 1006 1008 1009 1012 1013 1015 1017 1017 1018 1019 1020 1021 1022 1023 1024 1025 1027 1030 1032 1034 1036 1036 1037 1038 1039 1040 1041 1043 1044 1046 1048 1050 1051 1054 1055 1056 1057 1059 1060 1061 1063 1063 1064 1065 1066 1067 1068 1068 1070 1071 1072 1075 1076 1078 1078 1080 1080 1081 1083 1085 1087 1088 1091 1093 1095 1096 1098 1098 1099 1100 1100 1100 1101 1104
986 988 990 991 993 995 997 1000 1001 1004 1006 1008 1010 1012 1013 1014 1015 1016 1017 1018 1019 1020 1021 1021 1022 1024 1026 1028 1030 1032 1033 1035 1035 1036 1037 1038 1040 1041 1042 1045 1046 1048 1049 1052 1053 1054 1056 1057 1058 1059 1061 1062 1062 1064 1065 1066 1066 1067 1067 1069 1070 1072 1074 1076 1077 1078 1078 1080 1081 1083 1085 1087 1089 1091 1094 1095 1095 1096 1097 1097 1098 1098 1100 1101
986 988 989 990 993 995 997 998 1001 1003 1005 1007 1010 1011 1012 1013 1014 1015 1016 1017 1018 1018 1020 1020 1021 1022 1024 1026 1028 1029 1031 1032 1033 1034 1036 1037 1038 1040 1042 1043 1044 1046 1048 1049 1052 1053 1054 1055 1057 1058 1059 1060 1061 1062 1063 1065 1065 1066 1066 1067 1069 1070 1072 1074 1075 1076 1076 1078 1079 1082 1084 1086 1088 1090 1091 1093 1094 1094 1095 1095 1096 1097 1097 1098
986 988 989 990 992 994 996 997 1000 1001 1004 1006 1008 1009 1010 1012 1013 1014 1015 1016 1016 1018 1018 1019 1020 1021 1022 1024 1026 1027 1029 1030 1032 1033 1036 1036 1037 1039 1040 1041 1043 1045 1046 1047 1050 1051 1052 1054 1055 1056 1057 1059 1060 1061 1063 1064 1064 1065 1065 1066 1067 1070 1071 1072 1073 1075 1075 1076 1078 1080 1083 1085 1087 1088 1089 1090 1092 1092 1093 1093 1094 1094 1095 1097
986 988 989 990 992 993 995 997 998 1000 1003 1005 1006 1008 1010 1011 1012 1013 1014 1015 1015 1017 1017 1018 1019 1020 1021 1022 1024 1026 1027 1029 1031 1032 1034 1035 1036 1038 1038 1040 1042 1043 1045 1047 1048 1049 1051 1052 1053 1055 1057 1059 1060 1060 1062 1062 1063 1065 1065 1066 1068 1069 1071 1072 1072 1073 1074 1075 1077 1079 1081 1084 1084 1085 1086 1088 1088 1090 1091 1091 1092 1092 1094 1095
986 988 989 990 992 993 995 997 998 999 1001 1003 1005 1007 1008 1009 1011 1012 1012 1013 1014 1015 1016 1017 1018 1018 1019 1021 1023 1024 1026 1028 1030 1032 1033 1034 1036 1037 1037 1039 1040 1042 1044 1045 1046 1048 1049 1050 1052 1054 1056 1058 1059 1060 1061 1062 1062 1064 1065 1066 1067 1068 1069 1070 1071 1071 1073 1074 1075 1078 1080 1081 1082 1082 1084 1085 1085 1088 1089 1089 1090 1091 1092 1093
986 988 989 990 992 993 995 996 997 999 1001 1003 1005 1006 1007 1008 1009 1010 1011 1012 1012 1013 1015 1016 1016 1017 1019 1020 1021 1023 1025 1027 1028 1031 1032 1033 1035 1036 1036 1038 1039 1040 1042 1043 1045 1046 1048 1049 1052 1054 1056 1057 1059 1060 1061 1061 1062 1063 1064 1066 1066 1067 1068 1068 1069 1070 1071 1072 1074 1076 1078 1079 1080 1081 1081 1083 1084 1085 1086 1087 1088 1089 1091 1092
986 988 989 990 992 993 995 996 997 998 1000 1002 1003 1005 1005 1007 1007 1008 1009 1009 1011 1012 1013 1014 1015 1016 1017 1018 1020 1022 1024 1026 1028 1029 1031 1033 1033 1034 1035 1037 1038 1039 1041 1042 1043 1045 1047 1048 1050 1053 1055 1057 1059 1059 1060 1061 1061 1062 1064 1064 1065 1066 1067 1067 1068 1069 1070 1071 1073 1074 1076 1078 1079 1080 1080 1081 1081 1083 1084 1085 1086 1088 1089 1090
986 987 989 990 991 993 994 995 997 998 999 1001 1001 1003 1004 1005 1006 1006 1007 1007 1010 1011 1012 1013 1014 1015 1016 1017 1020 1021 1023 1024 1026 1028 1030 1031 1032 1033 1034 1035 1036 1038 1040 1041 1042 1044 1046 1047 1049 1052 1054 1056 1057 1058 1059 1060 1060 1061 1063 1063 1064 1065 1066 1066 1066 1067 1069 1070 1071 1073 1075 1076 1077 1078 1079 1079 1079 1081 1082 1083 1085 1086 1087 1088
986 987 989 990 991 993 994 995 996 997 998 1000 1000 1001 1002 1003 1004 1004 1005 1006 1008 1009 1011 1012 1012 1014 1015 1016 1019 1020 1022 1024 1025 1027 1028 1030 1031 1032 1033 1034 1035 1037 1038 1040 1041 1043 1044 1047 1048 1050 1052 1054 1055 1056 1057 1058 1058 1060 1061 1062 1063 1064 1064 1065 1065 1066 1067 1068 1070 1071 1073 1075 1076 1076 1076 1077 1078 1079 1080 1081 1083 1084 1086 1087
987 988 989 991 992 993 994 995 996 997 998 999 1000 1000 1001 1002 1002 1003 1004 1005 1007 1008 1009 1011 1012 1013 1014 1016 1018 1019 1021 1023 1024 1025 1027 1029 1029 1031 1031 1033 1034 1035 1037 1038 1040 1042 1043 1045 1047 1049 1050 1052 1053 1055 1055 1056 1057 1058 1059 1060 1062 1062 1062 1063 1064 1064 1065 1067 1068 1069 1071 1073 1074 1074 1075 1076 1076 1078 1079 1079 1081 1083 1084 1085
987 988 990 991 992 993 994 995 996 997 997 999 999 1000 1001 1002 1002 1003 1003 1004 1006 1007 1008 1010 1011 1012 1013 1015 1017 1018 1020 1022 1023 1025 1026 1027 1028 1030 1030 1031 1033 1034 1036 1037 1039 1040 1042 1043 1045 1047 1048 1050 1052 1053 1053 1054 1055 1056 1057 1059 1060 1061 1061 1062 1062 1063 1064 1065 1065 1067 1069 1070 1071 1072 1072 1073 1075 1076 1076 1077 1079 1081 1082 1084
987 988 990 991 992 994 994 995 996 997 997 999 999 1000 1001 1001 1002 1002 1002 1004 1005 1006 1007 1007 1010 1011 1013 1014 1016 1018 1019 1021 1022 1024 1025 1026 1027 1028 1029 1031 1032 1033 1034 1036 1037 1039 1041 1042 1044 1045 1047 1049 1050 1051 1052 1052 1053 1054 1056 1057 1058 1059 1060 1060 1061 1062 1063 1063 1064 1065 1067 1068 1069 1070 1070 1072 1073 1073 1074 1076 1077 1078 1081 1083
987 988 990 991 992 994 994 995 996 997 997 999 999 1000 1000 1001 1002 1002 1002 1003 1004 1004 1005 1006 1008 1010 1011 1013 1015 1017 1018 1020 1022 1023 1023 1025 1026 1027 1027 1029 1030 1031 1033 1035 1036 1037 1040 1041 1042 1044 1046 1047 1047 1049 1050 1050 1052 1052 1054 1056 1057 1058 1058 1059 1060 1060 1061 1062 1062 1063 1064 1065 1067 1068 1069 1070 1070 1071 1073 1074 1075 1077 1079 1080
987 988 989 990 992 994 995 995 996 997 997 998 999 999 1000 1000 1000 1000 1001 1001 1001 1002 1003 1004 1006 1009 1010 1012 1014 1016 1017 1019 1020 1022 1022 1024 1025 1026 1026 1028 1028 1031 1032 1033 1035 1037 1038 1039 1041 1042 1043 1045 1045 1046 1047 1048 1049 1051 1053 1054 1055 1057 1057 1058 1058 1059 1059 1060 1060 1060 1062 1063 1064 1066 1067 1068 1069 1070 1071 1072 1073 1075 1077 1078
986 988 989 990 992 994 995 995 995 995 994 994 995 996 997 997 994 992 993 997 999 1001 1002 1003 1006 1008 1010 1011 1013 1015 1016 1018 1019 1020 1022 1023 1024 1024 1026 1027 1027 1029 1031 1032 1033 1035 1037 1038 1040 1040 1042 1042 1043 1045 1045 1046 1048 1050 1051 1052 1054 1054 1055 1055 1056 1057 1057 1058 1058 1058 1059 1060 1062 1063 1064 1066 1067 1068 1068 1070 1071 1073 1074 1076
986 987 989 990 991 993 994 994 993 993 992 992 991 992 992 994 994 994 996 999 1001 1003 1003 1003 1005 1008 1009 1011 1012 1014 1016 1017 1018 1019 1021 1022 1022 1024 1025 1026 1026 1028 1029 1031 1033 1034 1036 1037 1038 1039 1040 1040 1042 1042 1043 1044 1047 1048 1049 1051 1051 1052 1054 1054 1055 1055 1055 1057 1056 1055 1057 1058 1059 1060 1062 1063 1065 1066 1066 1067 1068 1070 1072 1074
985 987 989 990 991 992 992 992 991 991 989 989 988 991 992 995 996 997 999 1000 1002 1003 1003 1003 1005 1008 1008 1010 1011 1013 1015 1016 1017 1017 1019 1020 1021 1023 1024 1024 1026 1027 1028 1030 1032 1033 1034 1036 1037 1037 1038 1039 1040 1040 1041 1043 1045 1046 1047 1048 1049 1051 1051 1052 1053 1054 1054 1054 1054 1054 1054 1056 1057 1059 1060 1061 1064 1065 1065 1064 1066 1067 1070 1071
983 985 987 989 991 990 989 989 989 988 987 987 988 992 995 997 998 1000 1001 1002 1003 1003 1003 1004 1005 1007 1007 1009 1010 1011 1013 1014 1015 1017 1018 1019 1021 1022 1022 1023 1025 1026 1027 1029 1031 1032 1033 1034 1035 1035 1037 1037 1038 1039 1040 1042 1043 1045 1046 1046 1047 1049 1049 1050 1051 1052 1052 1052 1052 1052 1052 1053 1054 1056 1058 1060 1062 1064 1064 1063 1064 1065 1067 1069
982 982 982 985 987 988 987 987 987 986 986 988 991 993 996 999 1000 1001 1002 1002 1003 1003 1003 1004 1005 1006 1007 1008 1009 1011 1012 1014 1015 1016 1017 1018 1020 1021 1021 1023 1024 1025 1027 1028 1029 1031 1032 1032 1033 1034 1035 1036 1037 1038 1039 1040 1042 1043 1044 1045 1046 1046 1047 1048 1049 1050 1051 1051 1051 1049 1049 1050 1051 1054 1056 1058 1060 1062 1063 1062 1062 1063 1064 1066
983 983 983 982 983 985 985 984 985 987 989 990 993 996 998 1000 1001 1001 1002 1003 1003 1003 1004 1004 1004 1006 1007 1008 1008 1010 1011 1013 1015 1016 1017 1018 1019 1020 1020 1022 1023 1024 1026 1027 1028 1029 1030 1031 1032 1032 1033 1035 1035 1036 1038 1039 1040 1041 1043 1043 1044 1044 1046 1046 1047 1049 1049 1050 1049 1046 1043 1045 1047 1052 1055 1056 1059 1060 1062 1061 1061 1061 1062 1064
984 984 984 984 984 985 985 985 987 989 990 992 995 997 999 1000 1001 1002 1002 1003 1004 1004 1004 1004 1005 1006 1007 1008 1008 1009 1011 1013 1014 1015 1017 1017 1018 1019 1020 1021 1022 1024 1025 1026 1026 1028 1029 1030 1030 1031 1032 1033 1033 1034 1036 1037 1039 1039 1040 1041 1042 1043 1044 1044 1046 1047 1047 1048 1045 1041 1039 1040 1046 1050 1053 1055 1057 1059 1060 1060 1060 1060 1061 1063
985 985 986 987 988 988 987 987 989 991 993 994 996 998 999 1001 1002 1002 1003 1003 1004 1004 1005 1005 1005 1007 1007 1007 1008 1009 1010 1012 1013 1015 1016 1017 1017 1019 1020 1021 1021 1023 1024 1024 1026 1027 1028 1028 1029 1029 1030 1031 1032 1033 1034 1035 1036 1037 1038 1039 1040 1041 1042 1043 1044 1045 1045 1043 1040 1039 1040 1042 1044 1048 1051 1053 1055 1057 1058 1058 1058 1059 1060 1061
