data/bc1/bc11_elevation.asc
ncols        434
nrows        396
xllcorner    619982.677826578263
yllcorner    5795662.359727926552
cellsize     18.758564863640
NODATA_value 32767
[rows 76 to 113 of 396, columns 0 to 83 of 434]
1030 1034 1038 1040 1040 1042 1044 1046 1048 1049 1049 1050 1052 1052 1054 1058 1061 1063 1066 1070 1073 1075 1077 1079 1082 1085 1087 1091 1094 1095 1096 1097 1098 1099 1099 1100 1100 1100 1100 1100 1103 1107 1111 1115 1120 1129 1139 1148 1157 1166 1175 1184 1193 1194 1196 1197 1196 1196 1196 1196 1192 1187 1183 1178 1173 1165 1168 1174 1179 1184 1187 1191 1194 1197 1200 1203 1206 1209 1212 1214 1217 1218 1218 1217
1031 1033 1036 1038 1037 1038 1040 1039 1043 1046 1046 1048 1051 1054 1060 1065 1070 1071 1072 1075 1077 1080 1082 1084 1088 1090 1094 1097 1100 1101 1103 1103 1105 1105 1105 1106 1104 1103 1102 1101 1102 1108 1114 1118 1122 1131 1140 1149 1158 1168 1177 1186 1196 1200 1203 1205 1205 1205 1204 1203 1199 1195 1190 1185 1180 1173 1171 1177 1182 1186 1191 1194 1198 1201 1203 1206 1209 1211 1214 1216 1219 1220 1219 1219
1032 1033 1033 1032 1034 1038 1041 1045 1048 1048 1050 1052 1056 1063 1068 1071 1074 1076 1078 1079 1082 1085 1087 1089 1093 1096 1100 1102 1106 1108 1109 1110 1111 1112 1111 1110 1108 1105 1104 1103 1104 1110 1116 1120 1125 1133 1142 1151 1160 1169 1178 1188 1198 1204 1207 1211 1212 1212 1212 1211 1208 1204 1198 1192 1186 1181 1174 1181 1186 1190 1193 1197 1201 1204 1207 1209 1212 1213 1216 1219 1220 1222 1221 1220
1027 1027 1029 1033 1038 1042 1046 1050 1054 1056 1059 1061 1064 1068 1071 1074 1077 1080 1081 1084 1086 1089 1092 1095 1099 1102 1105 1108 1111 1114 1115 1116 1116 1117 1115 1112 1110 1107 1106 1106 1108 1112 1116 1122 1127 1134 1143 1152 1161 1171 1181 1191 1201 1208 1211 1215 1217 1217 1218 1219 1216 1210 1204 1197 1191 1187 1182 1183 1189 1193 1196 1200 1203 1206 1210 1211 1213 1216 1218 1220 1221 1222 1222 1221
1023 1025 1031 1037 1043 1047 1051 1054 1057 1060 1063 1065 1068 1072 1075 1077 1080 1083 1084 1087 1089 1092 1097 1101 1104 1107 1110 1114 1117 1119 1121 1121 1122 1121 1117 1114 1111 1109 1109 1112 1113 1114 1117 1122 1128 1135 1144 1153 1163 1173 1183 1193 1204 1213 1215 1219 1222 1222 1223 1224 1224 1217 1210 1203 1197 1193 1190 1188 1191 1195 1199 1203 1207 1209 1212 1214 1216 1218 1219 1221 1221 1222 1222 1221
1026 1033 1038 1043 1048 1051 1055 1056 1058 1061 1064 1066 1069 1074 1076 1080 1083 1086 1088 1090 1092 1095 1099 1104 1109 1113 1115 1119 1122 1125 1126 1127 1126 1124 1121 1118 1115 1112 1112 1115 1116 1118 1120 1123 1129 1135 1144 1154 1164 1175 1185 1195 1208 1219 1221 1223 1226 1227 1229 1230 1231 1225 1217 1210 1202 1199 1197 1195 1195 1198 1202 1205 1209 1212 1214 1216 1218 1221 1222 1222 1221 1222 1222 1222
1034 1038 1043 1049 1052 1054 1055 1058 1059 1062 1065 1067 1070 1074 1077 1081 1083 1088 1090 1093 1095 1098 1102 1108 1115 1121 1122 1124 1127 1130 1131 1132 1129 1127 1124 1121 1118 1116 1116 1118 1119 1120 1121 1125 1131 1136 1145 1156 1166 1176 1187 1198 1214 1226 1229 1230 1230 1232 1235 1237 1239 1233 1225 1217 1208 1204 1203 1201 1200 1201 1205 1208 1211 1214 1216 1218 1221 1223 1225 1224 1223 1223 1223 1222
1037 1041 1045 1049 1052 1054 1056 1059 1061 1064 1066 1069 1071 1075 1078 1080 1083 1086 1090 1094 1098 1101 1106 1114 1122 1129 1131 1131 1133 1136 1137 1135 1132 1130 1127 1124 1122 1121 1120 1122 1122 1126 1127 1129 1133 1139 1148 1157 1167 1178 1189 1203 1219 1233 1237 1235 1234 1236 1240 1243 1246 1242 1232 1222 1213 1208 1207 1205 1203 1203 1206 1210 1214 1216 1218 1221 1224 1226 1228 1228 1226 1224 1223 1222
1039 1042 1045 1048 1051 1054 1057 1059 1061 1063 1066 1069 1071 1074 1077 1079 1082 1085 1089 1093 1097 1102 1111 1122 1129 1136 1138 1139 1139 1140 1139 1136 1134 1131 1129 1127 1126 1124 1124 1126 1127 1131 1133 1134 1138 1144 1153 1161 1171 1180 1193 1206 1221 1234 1240 1238 1236 1237 1242 1244 1249 1245 1237 1229 1219 1212 1211 1208 1207 1206 1209 1212 1215 1219 1220 1223 1226 1228 1231 1230 1227 1224 1222 1222
1041 1043 1046 1048 1051 1054 1056 1058 1059 1061 1064 1066 1069 1072 1075 1079 1081 1084 1088 1094 1099 1105 1112 1122 1132 1140 1140 1138 1137 1137 1136 1134 1132 1129 1128 1128 1127 1127 1128 1130 1133 1135 1138 1140 1144 1150 1158 1166 1175 1182 1193 1205 1219 1232 1240 1239 1239 1239 1242 1245 1248 1246 1239 1231 1222 1215 1214 1212 1210 1209 1211 1215 1218 1220 1222 1224 1226 1228 1231 1230 1226 1223 1221 1221
1043 1045 1047 1049 1051 1053 1054 1055 1056 1058 1060 1063 1067 1070 1073 1077 1079 1083 1089 1096 1101 1107 1114 1125 1130 1134 1134 1132 1132 1133 1133 1130 1128 1126 1126 1127 1125 1127 1130 1133 1135 1138 1142 1146 1150 1154 1160 1169 1177 1182 1193 1204 1216 1229 1238 1239 1240 1240 1243 1245 1247 1247 1240 1231 1224 1216 1214 1213 1211 1209 1212 1215 1218 1220 1222 1224 1225 1227 1229 1229 1226 1223 1220 1220
1046 1048 1048 1049 1050 1050 1052 1052 1053 1055 1058 1061 1064 1068 1071 1074 1077 1082 1088 1096 1102 1109 1116 1123 1126 1128 1129 1128 1129 1130 1130 1128 1125 1123 1125 1125 1126 1130 1132 1135 1138 1141 1145 1148 1151 1156 1164 1173 1178 1184 1193 1204 1215 1226 1236 1238 1239 1241 1243 1244 1247 1249 1241 1233 1224 1216 1213 1212 1209 1209 1212 1215 1217 1219 1221 1223 1224 1226 1228 1228 1226 1223 1220 1217
1045 1045 1046 1047 1048 1049 1049 1051 1051 1052 1056 1059 1062 1065 1069 1073 1077 1081 1086 1094 1101 1106 1112 1114 1117 1120 1121 1121 1121 1121 1121 1121 1121 1121 1124 1126 1129 1132 1134 1138 1141 1144 1147 1151 1155 1162 1168 1173 1178 1185 1194 1204 1215 1226 1235 1239 1241 1243 1244 1244 1246 1248 1241 1233 1225 1217 1212 1210 1205 1208 1211 1214 1217 1219 1221 1222 1224 1226 1227 1227 1225 1222 1220 1215
1045 1045 1045 1045 1046 1047 1048 1049 1048 1050 1052 1056 1059 1062 1066 1071 1076 1080 1084 1092 1096 1096 1101 1100 1103 1108 1110 1111 1110 1112 1112 1116 1120 1122 1126 1130 1133 1135 1138 1141 1144 1147 1150 1155 1159 1165 1171 1176 1184 1189 1192 1202 1212 1222 1231 1237 1242 1244 1246 1246 1246 1247 1242 1234 1226 1218 1210 1204 1203 1207 1210 1214 1216 1219 1221 1222 1223 1224 1225 1225 1224 1221 1219 1215
1044 1045 1045 1045 1045 1045 1045 1045 1045 1046 1050 1052 1056 1059 1062 1065 1071 1076 1078 1081 1082 1083 1090 1088 1090 1096 1101 1105 1111 1115 1119 1122 1127 1129 1131 1135 1138 1140 1143 1144 1148 1151 1154 1159 1163 1168 1174 1179 1187 1190 1193 1199 1208 1217 1227 1234 1239 1244 1246 1246 1246 1246 1242 1234 1225 1216 1206 1200 1202 1206 1210 1212 1215 1217 1218 1218 1220 1220 1221 1221 1221 1220 1218 1215
1042 1043 1043 1042 1042 1040 1041 1041 1041 1043 1047 1050 1053 1057 1058 1060 1064 1069 1071 1074 1081 1087 1092 1097 1099 1104 1110 1116 1119 1122 1127 1130 1133 1135 1137 1140 1142 1145 1147 1148 1151 1155 1159 1163 1168 1172 1176 1182 1187 1191 1197 1199 1206 1215 1225 1230 1235 1241 1244 1244 1244 1244 1241 1231 1222 1213 1203 1197 1200 1203 1206 1209 1211 1213 1215 1215 1216 1216 1217 1218 1218 1216 1215 1214
1036 1038 1037 1036 1033 1033 1037 1038 1038 1040 1043 1048 1050 1054 1056 1059 1062 1068 1070 1076 1085 1092 1099 1107 1111 1115 1120 1125 1128 1131 1134 1137 1139 1141 1144 1145 1147 1149 1151 1153 1155 1159 1163 1167 1173 1176 1181 1186 1191 1197 1202 1206 1211 1218 1224 1228 1231 1235 1238 1240 1240 1240 1237 1226 1217 1207 1197 1193 1197 1200 1203 1206 1207 1210 1212 1212 1212 1212 1213 1214 1213 1212 1210 1209
1027 1028 1028 1028 1026 1026 1031 1032 1034 1037 1040 1046 1049 1054 1057 1061 1065 1071 1076 1082 1090 1098 1107 1114 1119 1124 1128 1131 1134 1137 1139 1142 1143 1146 1148 1148 1149 1152 1154 1156 1159 1164 1168 1172 1177 1182 1187 1192 1197 1202 1207 1209 1213 1218 1222 1226 1227 1230 1234 1234 1234 1233 1231 1221 1210 1199 1189 1187 1193 1196 1201 1203 1204 1206 1208 1208 1209 1209 1210 1210 1211 1208 1205 1204
1018 1019 1018 1018 1018 1022 1029 1029 1032 1038 1040 1046 1050 1056 1060 1063 1069 1074 1080 1086 1094 1104 1112 1120 1125 1130 1133 1134 1137 1140 1143 1145 1147 1149 1150 1149 1150 1153 1156 1158 1163 1169 1172 1176 1181 1187 1193 1198 1203 1208 1211 1213 1214 1215 1220 1224 1226 1228 1230 1228 1226 1225 1225 1215 1205 1194 1185 1184 1188 1192 1197 1199 1202 1203 1204 1204 1205 1205 1206 1208 1210 1206 1202 1200
1009 1011 1012 1015 1017 1023 1029 1029 1033 1038 1042 1047 1052 1057 1062 1067 1072 1077 1083 1091 1101 1109 1118 1126 1131 1135 1137 1138 1140 1143 1146 1149 1151 1152 1151 1150 1151 1154 1156 1159 1165 1171 1176 1181 1185 1191 1198 1204 1209 1213 1215 1216 1217 1218 1219 1222 1224 1225 1225 1224 1222 1220 1218 1211 1202 1193 1184 1183 1188 1191 1193 1196 1197 1198 1200 1201 1201 1201 1204 1207 1209 1206 1202 1196
1005 1009 1011 1015 1018 1023 1029 1029 1034 1039 1044 1049 1054 1059 1064 1069 1075 1081 1086 1093 1104 1113 1123 1132 1137 1138 1141 1142 1144 1147 1150 1153 1155 1153 1152 1152 1151 1154 1156 1158 1163 1172 1179 1185 1189 1195 1202 1208 1212 1215 1218 1220 1221 1222 1222 1223 1222 1222 1222 1221 1218 1216 1213 1207 1198 1190 1181 1180 1183 1186 1189 1191 1193 1195 1196 1197 1197 1199 1202 1205 1209 1206 1201 1195
1005 1010 1012 1016 1019 1023 1028 1030 1035 1041 1046 1051 1056 1062 1067 1073 1078 1084 1090 1096 1107 1116 1126 1134 1139 1141 1144 1146 1148 1149 1150 1152 1152 1151 1150 1149 1150 1153 1155 1158 1162 1169 1178 1187 1193 1199 1205 1208 1212 1215 1219 1223 1224 1225 1225 1226 1222 1218 1218 1218 1215 1212 1208 1202 1194 1186 1179 1176 1179 1181 1184 1187 1188 1190 1191 1193 1194 1197 1201 1203 1207 1206 1200 1195
1010 1010 1014 1018 1020 1023 1027 1031 1036 1041 1047 1052 1059 1065 1072 1078 1083 1088 1094 1100 1109 1118 1126 1133 1138 1141 1143 1146 1148 1147 1148 1149 1149 1148 1147 1147 1148 1150 1154 1158 1161 1169 1177 1185 1192 1200 1204 1207 1211 1214 1218 1222 1225 1227 1227 1228 1225 1220 1215 1214 1212 1207 1202 1197 1189 1182 1177 1172 1173 1176 1179 1183 1184 1186 1187 1189 1191 1195 1198 1201 1205 1205 1200 1195
1012 1013 1016 1019 1021 1025 1027 1032 1038 1042 1047 1053 1063 1070 1077 1083 1088 1093 1098 1103 1109 1116 1123 1129 1135 1138 1140 1143 1145 1144 1145 1145 1145 1145 1145 1145 1146 1148 1152 1155 1159 1166 1172 1181 1188 1196 1201 1206 1210 1214 1218 1222 1225 1227 1228 1231 1228 1223 1218 1211 1206 1201 1197 1193 1186 1180 1175 1169 1167 1171 1174 1179 1181 1182 1184 1186 1189 1192 1196 1199 1204 1206 1201 1196
1012 1013 1015 1017 1020 1023 1026 1032 1038 1043 1049 1054 1063 1072 1081 1088 1093 1097 1100 1103 1108 1113 1120 1127 1132 1137 1138 1141 1143 1143 1143 1142 1142 1142 1142 1143 1143 1145 1148 1151 1156 1163 1168 1175 1183 1190 1197 1203 1208 1213 1217 1222 1225 1226 1228 1230 1228 1223 1216 1209 1203 1199 1194 1189 1185 1181 1175 1169 1164 1166 1170 1175 1178 1179 1181 1184 1186 1189 1193 1198 1202 1206 1202 1196
1011 1012 1013 1016 1018 1021 1026 1030 1037 1043 1049 1055 1063 1072 1081 1089 1094 1098 1100 1103 1107 1112 1119 1124 1131 1134 1136 1138 1141 1140 1140 1140 1139 1139 1140 1141 1141 1141 1143 1146 1154 1162 1167 1172 1178 1185 1192 1199 1206 1212 1216 1221 1224 1225 1226 1226 1225 1220 1214 1207 1201 1196 1190 1185 1181 1178 1174 1170 1164 1163 1167 1171 1175 1176 1179 1180 1183 1188 1192 1197 1202 1206 1202 1196
1010 1011 1012 1014 1017 1021 1025 1030 1036 1042 1048 1055 1061 1069 1077 1084 1091 1095 1099 1102 1105 1112 1117 1122 1127 1131 1134 1136 1139 1138 1137 1137 1136 1136 1137 1137 1137 1137 1137 1142 1152 1160 1166 1171 1176 1183 1188 1196 1203 1209 1214 1217 1220 1222 1223 1222 1220 1216 1211 1204 1198 1193 1187 1181 1176 1173 1170 1167 1162 1162 1165 1168 1171 1173 1176 1178 1180 1184 1189 1193 1198 1202 1200 1195
1008 1009 1010 1012 1016 1020 1025 1029 1035 1041 1047 1053 1057 1063 1070 1078 1085 1090 1095 1100 1104 1109 1114 1119 1123 1127 1130 1132 1135 1135 1134 1134 1132 1132 1133 1133 1133 1132 1132 1141 1150 1159 1165 1172 1177 1184 1189 1193 1200 1207 1210 1214 1217 1219 1219 1216 1215 1211 1206 1200 1194 1188 1182 1176 1172 1169 1165 1161 1158 1161 1164 1166 1169 1171 1173 1175 1178 1181 1184 1188 1193 1197 1194 1192
1005 1006 1008 1012 1016 1021 1026 1029 1034 1040 1047 1050 1054 1059 1065 1073 1080 1086 1091 1095 1102 1105 1110 1115 1119 1123 1126 1129 1132 1133 1132 1131 1130 1129 1130 1130 1130 1129 1133 1140 1149 1156 1164 1171 1178 1184 1190 1194 1199 1204 1208 1211 1214 1216 1213 1211 1209 1205 1199 1192 1186 1181 1175 1170 1168 1165 1161 1157 1155 1158 1162 1166 1168 1170 1171 1173 1175 1179 1181 1184 1187 1190 1190 1192
1003 1006 1009 1012 1017 1022 1026 1029 1033 1040 1044 1048 1051 1056 1062 1069 1076 1082 1085 1092 1097 1102 1107 1111 1115 1120 1122 1125 1129 1131 1130 1128 1127 1124 1124 1125 1124 1127 1132 1139 1147 1154 1162 1170 1177 1185 1190 1193 1195 1198 1201 1204 1207 1206 1203 1201 1198 1196 1191 1185 1178 1172 1168 1166 1164 1162 1158 1154 1155 1159 1162 1165 1167 1168 1169 1170 1173 1176 1180 1182 1183 1185 1188 1192
1003 1007 1010 1013 1018 1022 1026 1029 1032 1039 1042 1045 1048 1053 1059 1065 1071 1077 1083 1088 1094 1099 1103 1108 1111 1115 1119 1122 1126 1128 1125 1122 1120 1116 1115 1115 1116 1125 1130 1136 1144 1151 1159 1166 1174 1181 1185 1187 1188 1189 1192 1195 1196 1195 1193 1190 1188 1186 1181 1175 1170 1166 1163 1162 1160 1158 1154 1152 1155 1159 1162 1164 1166 1167 1169 1169 1170 1173 1177 1181 1182 1185 1188 1192
1002 1007 1011 1015 1019 1023 1025 1029 1032 1036 1039 1042 1046 1050 1056 1061 1066 1072 1078 1084 1090 1096 1098 1102 1105 1108 1111 1115 1118 1119 1117 1115 1112 1108 1104 1108 1115 1120 1127 1134 1141 1148 1155 1162 1167 1171 1175 1178 1179 1180 1182 1185 1185 1184 1182 1179 1178 1176 1171 1167 1163 1160 1158 1157 1156 1154 1151 1151 1154 1157 1159 1162 1164 1166 1166 1167 1167 1170 1172 1177 1181 1186 1189 1193
1000 1005 1011 1015 1019 1022 1025 1028 1031 1034 1037 1040 1043 1047 1052 1057 1062 1068 1073 1080 1085 1090 1092 1095 1098 1100 1104 1107 1108 1108 1106 1106 1104 1101 1098 1104 1111 1117 1124 1131 1138 1145 1150 1153 1158 1162 1167 1169 1170 1171 1173 1173 1174 1173 1172 1170 1168 1167 1163 1161 1158 1155 1151 1150 1149 1149 1149 1151 1153 1154 1155 1158 1160 1161 1162 1163 1163 1168 1169 1174 1181 1186 1189 1193
999 1004 1009 1013 1017 1019 1022 1026 1028 1032 1034 1038 1040 1044 1047 1052 1056 1062 1068 1074 1079 1084 1085 1087 1090 1093 1096 1097 1097 1097 1096 1095 1093 1095 1096 1101 1108 1115 1120 1128 1134 1141 1145 1147 1151 1154 1157 1160 1162 1163 1165 1165 1166 1167 1167 1164 1163 1162 1161 1156 1153 1152 1147 1144 1144 1146 1150 1152 1153 1153 1154 1156 1158 1158 1160 1161 1162 1165 1166 1172 1179 1186 1190 1194
997 1002 1006 1010 1014 1017 1020 1023 1026 1029 1033 1035 1038 1041 1045 1048 1052 1057 1063 1068 1072 1077 1079 1081 1083 1086 1087 1087 1087 1087 1087 1084 1084 1090 1095 1100 1106 1113 1118 1124 1131 1135 1140 1143 1146 1149 1150 1153 1155 1157 1159 1159 1160 1162 1162 1160 1159 1160 1160 1154 1149 1146 1144 1145 1151 1153 1156 1157 1157 1158 1158 1160 1160 1161 1163 1164 1164 1163 1165 1171 1177 1185 1190 1195
996 1000 1004 1008 1012 1014 1017 1021 1024 1028 1030 1033 1036 1039 1043 1045 1049 1053 1057 1061 1065 1070 1073 1075 1078 1079 1081 1079 1079 1080 1077 1077 1082 1087 1093 1098 1104 1110 1115 1121 1126 1130 1135 1138 1141 1143 1145 1147 1149 1151 1153 1153 1155 1157 1157 1157 1158 1159 1160 1154 1148 1143 1143 1149 1154 1159 1161 1161 1162 1162 1163 1164 1165 1167 1168 1168 1167 1167 1166 1170 1177 1183 1190 1195
994 997 1001 1005 1009 1012 1015 1019 1022 1025 1028 1031 1034 1037 1040 1043 1047 1049 1053 1057 1061 1064 1067 1069 1071 1073 1075 1073 1072 1072 1069 1072 1078 1084 1091 1096 1102 1106 1111 1117 1120 1125 1129 1133 1135 1136 1139 1141 1143 1145 1147 1148 1150 1152 1153 1154 1155 1156 1157 1150 1145 1143 1145 1151 1156 1161 1163 1164 1165 1166 1167 1169 1170 1171 1172 1171 1170 1170 1168 1170 1177 1183 1189 1194
992 995 999 1003 1006 1009 1013 1016 1020 1023 1025 1028 1031 1033 1037 1040 1044 1046 1050 1054 1057 1059 1062 1064 1066 1067 1070 1068 1065 1064 1068 1073 1078 1084 1089 1093 1098 1102 1107 1112 1116 1120 1125 1128 1130 1131 1133 1135 1136 1139 1141 1143 1145 1147 1149 1149 1150 1151 1151 1144 1142 1145 1147 1152 1157 1162 1165 1166 1168 1169 1170 1171 1173 1173 1173 1172 1171 1170 1169 1170 1176 1181 1187 1192
