data/bc4/bc22_elevation.asc
ncols        463
nrows        457
xllcorner    448869.827369408158
yllcorner    6041948.553006536327
cellsize     18.758564863640
NODATA_value 32767
[rows 252 to 293 of 457, columns 0 to 93 of 463]
827 826 826 824 823 822 820 818 816 815 814 813 812 812 812 811 811 810 810 809 809 810 810 811 811 811 810 810 809 810 811 811 812 812 812 811 811 811 811 811 811 811 810 808 807 806 806 806 805 804 804 803 802 801 801 801 801 802 805 806 808 810 812 813 815 816 817 817 818 819 820 819 815 809 808 818 821 822 823 823 824 824 825 825 824 823 821 819 819 821 824 828 832 833
828 827 827 825 824 822 821 819 817 816 814 813 813 812 812 812 811 811 810 810 809 810 810 811 812 811 810 810 810 811 812 813 814 814 813 813 812 812 811 811 811 811 810 809 808 806 806 805 804 803 803 802 801 801 801 801 801 801 802 805 806 808 809 811 812 814 815 814 816 816 817 817 812 807 807 818 821 822 821 821 822 822 824 824 824 823 821 819 819 821 824 827 830 831
828 828 827 826 825 823 821 819 818 817 815 814 814 813 813 812 812 811 810 810 810 810 811 811 812 811 811 810 810 811 813 814 815 815 814 814 813 812 812 812 812 812 810 809 808 807 806 805 803 801 801 801 801 801 801 801 801 801 801 802 804 805 807 808 809 810 811 812 813 814 814 814 809 805 806 815 819 820 820 820 821 821 822 823 824 822 820 818 819 822 824 826 829 830
829 828 827 826 825 823 822 820 819 817 816 815 814 814 813 812 812 811 811 811 810 811 811 812 812 811 811 810 810 812 812 814 816 816 816 814 814 812 812 812 812 812 811 810 808 807 806 806 803 801 801 801 801 801 801 801 801 801 801 801 802 803 804 805 805 806 807 808 809 810 812 812 808 803 804 811 814 816 818 821 821 821 821 821 822 822 819 816 820 822 824 826 829 830
829 828 828 827 825 823 822 821 819 818 817 816 815 814 813 813 812 812 811 811 811 811 811 812 812 812 811 810 811 812 813 815 816 817 816 815 814 813 813 813 813 812 811 810 809 808 807 806 803 801 801 801 801 801 801 801 801 801 801 801 801 801 801 802 803 803 804 805 806 807 808 808 804 800 800 806 810 812 815 819 820 820 821 821 821 821 821 818 818 822 823 825 829 831
829 829 828 827 826 824 822 820 819 819 817 816 816 814 814 813 812 812 811 811 811 811 811 812 812 812 811 810 811 812 814 815 817 817 816 816 815 814 814 814 813 813 812 810 809 809 807 807 802 801 801 801 801 801 801 801 801 801 801 801 801 801 801 801 801 801 801 802 802 803 803 803 802 800 801 804 807 810 813 818 819 819 820 820 820 818 818 816 815 820 821 824 830 831
829 829 829 828 826 824 822 821 820 819 817 816 815 815 814 813 813 812 812 812 811 811 811 812 812 812 811 811 812 813 814 816 817 818 817 817 815 815 814 814 814 814 813 811 810 809 807 805 802 801 801 801 801 801 801 801 801 801 801 801 801 801 801 801 801 801 801 801 801 801 801 801 801 801 801 802 804 808 812 817 818 819 819 819 818 816 814 812 815 819 821 825 830 831
830 830 830 829 827 825 824 821 820 819 817 816 815 815 814 813 813 813 813 813 812 812 812 812 812 811 811 812 813 815 816 818 818 818 818 816 816 815 815 815 814 814 813 811 811 809 807 805 802 801 801 801 801 801 801 801 801 801 801 801 801 801 801 801 801 801 801 801 801 801 801 801 801 801 801 801 802 807 811 816 817 818 818 818 816 814 811 808 816 819 823 825 827 829
831 831 831 831 828 826 824 822 820 819 817 816 815 815 815 815 814 814 813 813 813 813 813 813 812 811 811 813 815 816 817 819 819 819 818 817 816 815 815 815 815 814 813 812 811 810 807 804 802 801 801 801 801 801 801 801 801 801 801 801 801 801 801 801 801 801 801 801 801 801 801 801 801 801 801 801 801 805 810 814 816 816 816 816 814 812 809 806 814 818 819 822 824 825
832 832 833 832 829 827 824 822 821 819 818 816 816 816 815 816 815 814 814 813 813 813 813 813 812 812 813 814 816 817 818 819 820 820 818 818 816 816 815 815 815 814 813 812 811 810 807 805 803 801 801 801 801 801 801 801 801 801 801 801 801 801 801 801 801 801 801 801 801 801 801 801 801 801 801 801 801 801 805 811 812 813 813 815 813 809 806 803 805 811 816 819 821 822
833 833 833 831 829 827 824 822 821 820 819 817 817 817 817 816 816 815 815 814 814 814 814 813 813 813 814 816 818 818 819 819 820 820 819 817 817 816 816 815 815 814 814 812 811 811 808 805 803 801 801 801 801 801 801 801 801 801 801 801 801 801 801 801 801 801 801 801 801 801 801 801 801 801 801 801 801 801 802 806 809 809 810 810 810 807 804 800 802 807 811 815 818 820
833 833 833 830 827 825 823 822 822 821 819 818 818 818 818 817 817 817 816 816 815 815 814 815 815 816 816 817 820 820 820 821 821 820 819 818 817 816 816 815 815 815 814 812 812 811 808 806 804 802 800 801 801 801 801 801 801 801 801 801 801 801 801 801 801 801 801 801 801 801 801 801 801 801 801 801 801 801 801 802 804 805 805 805 805 805 802 800 801 804 808 811 815 817
833 832 832 829 825 823 822 822 822 821 819 818 818 818 818 818 818 818 818 818 816 816 816 818 819 819 819 820 821 822 821 821 821 820 819 818 817 816 816 815 815 814 814 812 812 811 808 807 804 802 801 801 801 801 801 801 801 801 801 801 801 801 801 801 801 801 801 801 801 801 801 801 801 801 801 801 801 801 801 801 801 802 802 802 802 802 801 801 800 803 806 808 811 814
828 829 830 829 823 822 822 822 821 821 820 819 819 819 819 818 818 818 818 817 816 817 818 819 820 821 821 821 822 822 821 821 821 820 819 818 817 816 816 816 816 815 813 812 811 810 808 806 804 802 801 801 801 801 801 801 801 801 801 801 801 801 801 801 801 801 801 801 801 801 801 801 801 801 801 801 801 801 801 801 801 801 801 801 801 801 801 801 801 801 803 805 807 809
824 824 824 824 822 822 823 822 822 821 820 819 819 819 819 818 819 819 818 817 817 818 819 820 821 822 823 823 822 822 821 821 820 819 819 817 817 817 817 817 818 815 812 811 810 809 808 806 803 801 801 801 801 801 801 801 801 801 801 801 801 801 801 801 801 801 801 801 801 801 801 801 801 801 801 801 801 801 801 801 801 801 801 801 801 801 801 801 801 801 801 801 803 805
823 822 822 822 822 821 823 822 822 821 820 819 819 819 820 820 821 821 820 819 820 820 820 821 822 823 823 823 823 822 821 821 820 819 819 817 817 817 818 818 818 815 811 810 809 808 807 805 802 801 801 801 801 801 801 801 801 801 801 801 801 801 801 801 801 801 801 801 801 801 801 801 801 801 801 801 801 801 801 801 801 801 801 801 801 801 801 801 801 801 801 801 801 802
823 823 823 823 821 821 822 822 822 820 820 820 820 820 822 822 823 822 822 822 822 822 822 823 823 823 823 823 823 823 822 821 820 819 819 818 817 817 818 819 819 815 812 809 808 807 806 805 805 803 802 801 801 801 801 801 801 801 801 801 801 801 801 801 801 801 801 801 801 801 801 801 801 801 801 801 801 801 801 801 801 801 801 801 801 801 801 801 801 801 801 801 801 801
824 824 824 824 822 821 821 821 820 820 820 820 821 821 822 823 824 825 825 824 825 825 825 825 825 824 823 824 823 823 822 821 820 819 819 818 817 818 818 820 819 816 812 808 809 810 809 807 806 805 802 800 801 801 801 801 801 801 801 801 801 801 801 801 801 801 801 801 801 801 801 801 801 801 801 801 801 801 801 801 801 801 801 801 801 801 801 801 801 801 801 801 801 801
825 825 824 823 822 820 820 822 822 822 821 821 821 822 823 824 824 825 826 827 826 826 827 826 826 825 824 824 824 823 823 821 820 819 819 818 817 816 816 816 816 813 810 810 813 815 814 811 808 807 804 801 801 801 801 801 801 801 801 801 801 801 801 801 801 801 801 801 801 801 801 801 801 801 801 801 801 801 801 801 801 801 801 801 801 801 801 801 801 801 801 801 801 801
825 823 822 821 821 822 823 824 823 823 822 822 822 823 823 825 825 826 827 828 828 828 828 827 827 826 826 825 824 822 821 821 820 819 818 817 816 813 813 812 811 809 809 814 817 819 817 815 811 808 806 804 802 801 801 801 801 801 801 801 801 801 801 801 801 801 801 801 801 801 801 801 801 801 801 801 801 801 801 801 801 801 801 801 801 801 801 801 801 801 801 801 801 801
822 821 821 821 823 824 826 826 825 824 824 822 823 823 824 825 826 827 829 829 830 830 829 829 828 827 826 826 824 819 819 819 820 819 818 817 815 812 811 811 808 808 810 815 819 822 820 818 814 811 809 807 805 803 801 801 801 801 801 801 801 801 801 801 801 801 801 801 801 801 801 801 801 801 801 801 801 801 801 801 801 801 801 801 801 801 801 801 801 801 801 801 801 801
821 821 823 824 826 827 828 828 827 826 824 824 824 825 826 827 828 829 830 831 831 831 830 830 829 828 827 826 824 819 817 816 818 819 819 817 814 812 811 810 809 810 810 814 820 823 822 819 817 813 811 810 807 805 803 802 801 801 801 801 801 801 801 801 801 801 801 801 801 801 801 801 801 801 801 801 801 801 801 801 801 801 801 801 801 801 801 801 801 801 801 801 801 801
823 824 825 826 828 829 831 831 829 828 826 825 826 827 829 830 830 831 832 833 833 832 831 830 829 828 828 827 825 820 814 813 817 817 817 815 813 810 811 812 811 810 810 815 820 824 823 820 818 816 815 813 810 808 807 804 803 801 801 801 801 801 801 801 801 801 801 801 801 801 801 801 801 801 801 801 801 801 801 801 801 801 801 801 801 801 801 801 801 801 801 801 801 801
825 825 827 828 830 832 833 833 832 830 828 827 828 831 831 832 834 834 834 834 833 832 831 830 830 829 827 825 820 815 813 814 818 817 815 813 812 812 814 815 816 820 818 820 821 825 823 821 818 817 816 815 814 812 811 808 805 803 801 801 801 801 801 801 801 801 801 801 801 801 801 801 801 801 801 801 801 801 801 801 801 801 801 801 801 801 801 801 801 801 801 801 801 801
826 827 828 830 831 834 835 835 833 832 830 829 831 833 834 834 834 834 834 833 832 831 831 830 829 827 824 820 816 813 813 816 819 817 814 814 814 816 818 819 823 827 826 825 824 825 823 821 818 817 816 816 815 815 813 810 808 805 802 801 801 801 801 801 801 801 801 801 801 801 801 801 801 801 801 801 801 801 801 801 801 801 801 801 801 801 801 801 801 801 801 801 801 801
827 829 829 831 833 835 836 836 835 833 832 831 833 834 835 835 834 833 833 832 832 831 831 829 827 823 820 818 815 814 813 816 818 816 815 817 818 821 822 823 827 828 828 827 827 825 823 821 818 817 816 816 815 815 814 811 809 806 803 802 801 801 801 801 801 801 801 801 801 801 801 801 801 801 801 801 801 801 801 801 801 801 801 801 801 801 801 801 801 801 801 801 801 801
829 830 831 833 834 836 837 837 836 835 834 833 834 835 835 835 834 833 832 831 831 830 829 828 825 820 819 820 818 816 815 815 815 816 818 820 822 826 824 824 827 829 828 828 827 825 824 821 818 817 816 816 816 815 814 811 809 806 803 802 801 801 800 801 801 801 801 801 801 801 801 801 801 801 801 801 801 801 801 801 801 801 801 801 801 801 801 801 801 801 801 801 801 801
832 832 832 834 836 837 839 838 837 836 835 834 835 835 836 836 835 833 832 830 830 829 827 827 824 820 819 819 820 817 817 818 818 819 821 823 827 829 828 826 828 829 828 828 827 826 824 821 818 817 816 816 816 816 814 811 809 806 804 803 802 802 801 801 801 801 801 801 801 801 801 801 801 801 801 801 801 801 801 801 801 801 801 801 801 801 801 801 801 801 801 801 801 801
834 835 835 836 838 839 840 839 838 837 836 835 835 836 836 835 833 832 830 828 828 826 826 825 823 821 819 818 817 817 818 823 824 822 823 824 828 830 830 829 829 830 829 828 827 826 824 821 819 817 816 816 816 816 814 812 809 807 805 805 804 803 803 802 802 801 801 801 801 801 801 801 801 801 801 801 801 801 801 801 801 801 801 801 801 801 801 802 802 801 801 801 801 801
836 837 837 839 840 839 837 836 837 838 837 836 837 836 835 834 832 829 828 826 825 825 824 824 823 823 821 819 818 818 819 823 825 824 824 826 829 830 830 830 830 830 829 828 827 826 824 821 819 817 816 816 816 816 815 813 811 809 807 806 806 804 804 804 804 803 801 801 801 801 801 801 801 801 801 801 801 801 801 801 801 801 801 802 802 803 803 803 803 802 802 801 801 801
838 839 840 840 839 837 834 832 833 835 836 836 836 835 834 833 830 828 826 824 823 823 822 822 822 822 821 821 820 820 820 822 823 825 826 827 830 830 830 830 829 829 828 827 827 826 824 822 819 817 817 816 816 816 815 814 813 810 809 808 807 806 805 805 805 805 804 803 801 801 801 801 801 801 801 801 801 801 801 801 801 803 803 804 805 805 805 806 804 803 802 801 801 801
840 839 840 838 836 834 831 828 828 831 835 836 835 835 833 832 829 827 824 822 820 820 819 819 819 820 820 821 821 821 821 823 825 827 828 829 830 830 830 829 828 828 827 827 827 826 825 822 819 817 816 816 815 815 814 813 812 811 810 809 807 807 806 806 806 806 807 805 804 802 801 801 801 801 801 801 801 802 803 804 804 806 806 806 807 807 807 809 807 805 803 801 801 801
839 837 836 835 833 831 829 827 827 830 834 836 835 834 832 831 828 825 824 821 819 818 817 817 818 819 819 821 821 821 822 825 827 829 830 831 831 830 829 829 827 827 827 828 828 827 825 822 820 817 816 816 815 814 814 813 812 812 811 809 808 807 806 807 807 807 808 806 805 804 802 802 802 802 802 802 803 805 806 808 809 809 809 809 810 810 811 812 810 809 806 804 802 802
835 833 833 832 829 828 834 838 834 831 834 836 834 833 832 830 828 825 823 820 817 816 815 817 818 819 819 821 821 822 824 827 828 829 830 830 831 830 829 828 828 828 828 828 828 827 825 822 820 818 817 816 815 814 814 813 813 812 811 810 809 807 807 808 808 808 808 807 807 805 804 804 804 804 804 805 807 809 811 812 813 812 812 812 813 814 814 815 814 812 810 809 807 805
830 829 828 829 829 829 834 837 836 835 835 835 833 833 831 830 827 825 822 819 816 816 817 818 818 820 820 821 825 825 825 828 830 830 831 830 831 830 829 829 828 829 829 828 828 827 825 823 820 819 817 816 815 814 814 813 813 813 811 811 809 808 808 808 809 809 809 808 808 806 806 807 807 808 808 810 811 813 814 814 815 815 814 815 815 817 817 818 818 816 815 813 811 809
828 828 832 829 829 830 834 835 835 835 834 834 833 832 831 829 827 824 821 818 816 817 820 820 820 820 821 825 830 829 828 829 831 831 831 831 831 830 830 830 829 829 829 829 828 827 825 823 821 819 817 817 815 814 814 814 813 813 812 811 809 808 808 809 809 810 810 809 809 808 808 809 811 813 813 815 815 815 814 814 815 815 815 816 817 818 819 819 820 820 819 817 816 814
829 829 833 831 831 832 833 834 833 833 832 831 831 830 830 828 825 823 820 816 816 820 821 823 822 820 824 830 833 833 832 831 832 832 832 832 832 831 831 830 830 830 829 829 828 827 825 823 820 819 817 817 815 814 814 814 813 813 812 812 810 809 808 809 810 811 811 811 812 811 811 812 814 815 816 816 815 815 814 814 815 815 815 816 817 818 820 820 821 821 821 821 820 818
833 832 832 833 832 832 833 832 831 831 829 828 829 828 828 826 823 821 818 815 817 820 823 825 822 822 825 831 833 833 833 833 833 833 832 832 832 832 831 831 830 829 829 829 828 827 824 822 820 818 817 816 815 814 814 814 814 814 813 812 810 809 809 810 810 810 810 811 811 812 812 814 815 816 816 816 816 815 814 814 815 815 815 816 817 819 820 821 822 822 822 823 823 822
835 834 834 833 833 832 831 830 829 828 827 826 826 826 825 824 821 819 815 815 816 817 819 821 820 823 827 831 834 834 834 834 834 834 833 833 833 832 831 830 829 828 828 828 827 826 824 822 819 817 816 816 815 814 814 815 815 815 813 812 811 809 809 810 809 809 809 810 810 812 813 814 815 816 817 817 816 816 814 814 815 815 815 816 817 819 820 822 823 824 825 825 824 824
834 834 831 831 831 829 829 829 826 823 825 826 823 824 823 821 819 817 814 816 817 817 818 819 822 826 830 833 834 835 835 835 835 834 834 834 833 832 830 829 829 827 828 827 827 826 823 821 819 817 816 816 815 814 814 815 815 816 815 813 812 810 809 809 809 808 808 809 810 811 813 814 816 816 817 817 816 816 814 815 815 815 816 816 817 819 821 824 825 825 827 827 827 825
833 833 829 826 827 827 826 823 820 819 824 826 823 822 820 819 817 815 814 816 817 817 818 821 826 828 832 833 834 835 835 835 835 834 834 834 833 831 830 828 827 827 826 826 826 824 822 820 819 817 816 816 815 814 814 815 815 816 816 815 813 812 811 809 809 807 807 809 810 811 813 814 815 817 817 817 816 816 814 815 815 815 816 817 818 820 823 824 826 827 828 829 828 826
832 832 828 822 822 823 822 818 815 818 825 826 823 821 819 817 815 813 814 816 817 818 818 824 828 829 832 833 834 835 835 835 835 835 834 833 833 831 830 828 826 826 825 825 825 823 822 819 818 816 816 815 815 814 814 815 815 816 815 815 814 814 812 811 810 810 809 810 811 812 813 814 815 816 816 815 815 814 814 816 817 817 819 820 821 823 825 826 827 828 828 830 828 827
