data/bc4/bc22_elevation.asc
ncols        463
nrows        457
xllcorner    448869.827369408158
yllcorner    6041948.553006536327
cellsize     18.758564863640
NODATA_value 32767
[rows 378 to 419 of 457, columns 94 to 187 of 463]
802 803 805 807 808 806 806 806 808 808 807 807 808 810 815 818 823 829 828 828 828 828 829 831 832 833 834 832 831 829 828 827 825 824 823 824 826 828 829 827 824 820 815 814 812 811 811 810 810 808 807 806 808 811 814 817 819 821 822 824 823 822 822 820 819 818 818 818 817 817 816 817 818 819 818 819 819 820 822 823 825 826 825 825 825 824 824 822 822 821 819 818 817 816
801 802 804 805 806 805 806 809 813 811 810 808 807 808 812 817 823 827 827 827 827 826 828 830 833 834 833 832 831 829 828 827 826 826 824 826 828 828 829 827 824 821 816 815 813 813 811 809 808 807 805 807 810 813 816 817 818 819 821 822 821 821 820 818 818 817 816 816 815 816 816 816 816 817 818 819 820 821 823 824 825 826 826 825 825 824 824 823 822 821 820 818 818 817
799 801 802 804 804 805 808 810 813 812 812 809 808 809 809 815 819 826 825 825 825 825 827 829 831 834 834 832 831 829 828 827 826 826 825 826 827 828 829 827 824 821 817 815 813 812 810 808 806 805 806 809 812 814 815 816 817 818 819 820 820 820 819 817 817 817 815 815 815 816 816 816 816 817 819 820 822 822 823 825 826 826 826 825 825 824 824 823 822 822 821 819 819 817
799 800 800 802 803 806 808 811 813 812 812 810 810 809 810 812 817 822 823 824 824 823 826 828 830 832 832 832 830 829 828 827 826 825 824 826 827 828 829 826 823 820 816 814 812 810 808 807 805 804 807 810 812 813 813 815 816 816 818 819 820 818 818 817 816 816 815 815 816 816 816 816 816 817 819 821 822 823 824 825 826 826 826 825 825 825 824 824 823 822 821 820 820 818
798 799 800 801 802 805 808 811 813 812 812 810 809 809 810 811 814 819 821 821 822 822 824 826 828 830 830 830 829 828 827 826 826 824 824 825 826 828 828 825 822 818 815 812 811 809 807 805 805 806 808 811 812 812 813 814 814 816 817 818 819 817 817 816 815 815 814 815 815 815 816 816 816 817 819 821 822 824 824 825 826 826 826 825 825 825 825 824 824 823 822 821 821 819
797 797 799 800 802 805 807 810 813 812 811 810 809 809 810 811 812 816 818 820 821 820 821 824 826 828 829 827 827 827 826 825 825 823 823 824 825 825 825 823 820 817 813 810 809 808 805 804 805 807 808 811 812 812 813 813 813 815 816 818 817 817 816 815 815 814 814 813 814 814 815 815 816 817 819 821 822 824 824 825 826 826 826 826 826 826 826 825 825 824 823 822 820 820
795 797 798 799 801 804 807 809 813 812 810 810 809 808 810 810 812 812 817 819 819 818 819 822 824 826 827 826 825 825 824 823 823 822 822 822 822 822 822 820 817 814 811 809 807 806 804 805 806 808 810 812 812 812 812 811 813 814 816 816 816 816 816 813 812 813 814 813 813 813 814 814 815 816 819 821 822 824 824 825 826 826 826 827 827 827 826 826 825 824 823 822 821 820
794 796 796 797 800 803 806 809 812 811 811 809 808 808 809 809 809 810 814 816 818 815 816 820 823 825 824 824 823 822 822 822 821 820 821 819 819 819 818 816 813 812 810 807 807 806 804 805 807 809 810 811 811 811 811 810 811 813 814 815 814 814 814 812 809 810 810 811 812 812 814 813 814 816 818 820 822 824 824 825 826 826 827 827 827 828 827 826 824 823 823 823 822 821
793 794 795 797 799 802 805 809 811 810 810 808 807 806 807 807 807 808 811 813 815 816 818 819 821 822 823 822 822 821 821 820 820 819 817 820 818 817 815 814 814 812 808 806 805 804 804 805 807 808 809 810 810 809 809 809 810 811 812 814 811 810 809 808 805 807 807 809 811 812 812 813 812 815 817 819 822 823 824 825 826 826 827 827 827 828 826 824 823 823 822 822 823 823
791 792 794 796 799 801 805 808 810 809 808 807 805 805 805 805 804 806 808 810 812 814 816 817 818 820 820 820 820 820 820 820 820 817 814 819 818 816 816 816 815 810 806 803 803 803 803 804 806 807 808 809 808 808 808 808 808 809 809 811 808 805 803 803 802 805 806 808 810 810 811 812 812 814 816 818 820 822 823 824 826 826 827 826 824 824 824 823 822 822 823 824 825 827
790 791 793 795 798 801 805 807 809 808 807 805 804 803 803 802 802 803 805 807 809 810 811 813 815 817 818 818 818 818 818 818 819 816 812 817 819 816 818 818 813 807 803 802 802 803 802 803 804 806 807 808 807 807 807 806 806 806 807 808 806 802 802 801 802 803 805 807 809 809 810 810 811 812 814 816 818 820 822 823 825 824 823 822 821 821 822 823 825 825 825 826 827 827
789 791 793 794 797 799 803 805 807 806 805 803 802 801 801 801 801 801 801 803 804 806 807 809 811 813 814 815 815 815 815 815 818 816 812 814 819 818 817 813 808 803 801 801 802 803 802 802 802 804 805 806 806 806 806 806 805 805 805 804 803 802 801 800 800 802 804 806 808 808 808 809 810 811 813 815 816 818 818 820 820 818 819 819 821 823 825 825 825 825 826 826 826 827
789 791 792 794 795 797 798 801 802 802 802 801 801 800 800 800 800 800 800 800 800 802 804 806 807 809 810 810 809 808 808 810 812 814 814 814 813 810 808 804 802 801 799 801 802 802 801 801 802 802 803 804 804 805 805 805 804 804 803 803 803 802 800 799 799 801 803 805 807 807 807 808 809 811 812 813 814 815 815 815 816 816 818 818 821 825 826 825 825 825 825 825 825 826
789 790 791 793 794 795 795 797 799 798 798 797 797 798 799 799 799 799 799 799 799 799 800 802 803 806 806 805 803 804 804 805 806 809 809 808 805 803 802 800 800 799 798 800 802 801 799 799 799 799 800 801 802 803 803 804 804 804 802 803 802 801 800 798 798 800 803 805 807 807 807 807 808 810 811 811 813 813 813 813 817 820 820 818 821 824 825 824 824 824 824 824 825 825
788 789 791 792 794 794 794 795 796 796 796 796 796 797 797 798 798 798 798 798 798 798 798 799 800 801 802 801 801 802 801 801 802 803 803 802 801 800 800 800 800 799 797 800 802 800 798 797 797 797 797 798 799 800 801 802 802 802 802 802 801 800 798 797 797 800 802 805 806 807 807 807 807 808 808 810 810 811 811 816 820 822 820 820 820 823 823 823 823 823 823 824 824 824
787 788 790 792 794 793 794 794 794 794 794 793 794 794 795 796 797 797 797 797 797 797 797 797 798 798 799 799 799 800 800 799 799 798 799 798 799 800 800 800 800 798 798 800 801 798 796 796 796 795 795 795 797 798 800 801 801 801 801 800 800 798 795 794 794 795 801 805 806 806 805 803 804 805 806 807 807 809 813 815 818 820 821 821 821 822 822 822 822 822 822 823 823 823
786 787 789 791 793 793 794 794 794 794 793 792 792 792 793 794 795 796 795 795 796 796 796 797 797 798 798 798 798 799 798 798 798 797 797 798 798 799 799 799 799 799 802 800 799 797 795 794 794 794 794 794 795 797 798 800 800 799 799 799 799 796 792 791 791 791 794 798 801 801 798 801 801 803 804 805 806 807 810 813 816 818 819 820 821 821 821 821 821 821 821 821 822 822
786 786 788 791 792 793 793 793 793 793 792 791 791 791 792 793 794 795 794 794 794 794 795 796 796 797 797 797 797 797 797 796 796 796 795 796 797 797 798 797 797 798 799 798 796 794 793 793 793 793 793 794 795 796 797 799 799 798 798 798 797 792 791 792 792 791 792 793 795 796 797 798 800 800 801 802 803 803 807 811 813 815 816 819 821 821 820 821 821 821 821 821 821 821
786 786 788 791 792 792 792 792 792 792 791 791 790 790 791 792 792 793 793 793 793 793 794 795 796 796 796 796 796 796 796 795 794 794 794 795 796 796 795 795 795 796 796 795 793 793 793 793 793 793 793 794 795 795 796 797 797 797 796 795 793 789 791 791 792 793 793 792 794 794 797 797 798 798 799 800 800 800 802 806 813 815 817 819 821 821 820 820 820 819 819 820 820 820
786 786 787 790 791 792 792 792 792 791 790 790 789 789 790 791 791 792 792 792 792 792 794 794 795 796 796 795 795 795 795 794 793 793 793 793 793 793 793 793 794 794 794 793 793 793 793 793 793 793 793 794 794 795 796 796 796 795 794 793 788 788 790 790 792 793 794 794 795 796 797 797 797 797 798 799 799 799 798 801 814 817 818 819 820 820 820 819 818 817 816 818 818 818
786 786 787 790 791 791 792 792 792 791 790 789 788 789 790 790 791 792 792 791 791 792 793 793 795 795 796 795 795 795 794 794 793 792 792 791 791 791 792 793 793 793 793 793 793 793 794 794 793 793 793 793 793 794 795 795 795 794 794 793 786 788 789 790 791 792 794 795 796 796 796 796 796 796 798 800 802 802 802 801 812 814 810 809 813 814 814 813 812 811 810 813 815 817
786 786 787 790 791 791 792 792 792 791 790 789 788 789 789 790 791 791 791 791 791 792 792 793 794 794 795 795 794 794 793 793 792 791 791 791 791 792 792 792 793 793 793 794 794 794 794 794 794 793 793 792 792 793 793 794 793 792 790 788 787 788 788 789 790 791 793 794 795 795 795 795 795 796 798 800 802 802 802 803 804 808 806 807 809 806 804 807 807 806 805 808 811 814
786 786 788 790 791 791 792 792 792 791 790 789 789 789 789 790 790 790 790 791 791 791 792 793 793 793 794 794 793 793 793 792 791 791 791 791 792 792 792 793 793 793 794 794 794 794 794 794 793 793 792 792 792 792 793 794 794 793 793 789 789 790 789 789 789 791 791 793 794 794 794 794 794 796 798 800 802 802 802 803 802 804 805 807 808 803 800 801 801 801 800 803 807 808
786 786 787 790 791 791 791 791 791 791 790 790 789 789 789 790 790 790 791 791 792 792 792 792 792 792 793 793 792 792 792 791 791 790 791 792 792 793 793 793 793 794 794 794 794 793 793 793 793 792 792 791 792 792 793 793 796 796 794 791 791 791 790 789 789 790 790 791 792 792 793 793 794 796 798 799 801 802 802 802 802 803 804 806 807 803 801 799 798 796 796 798 801 803
786 786 788 789 791 790 790 789 790 789 789 789 789 790 790 791 792 791 792 792 792 792 792 793 792 792 792 792 792 791 791 792 791 790 791 791 793 793 793 794 794 794 794 794 794 793 793 792 792 792 792 791 792 792 793 794 797 798 796 793 792 791 790 789 789 789 790 791 791 792 793 794 794 796 798 799 800 801 801 801 801 801 803 804 806 803 802 800 799 796 794 793 794 797
785 786 786 788 790 789 789 788 789 788 788 788 789 790 791 792 793 792 793 792 792 792 792 793 792 792 792 792 791 791 792 792 792 792 792 792 793 793 794 794 794 794 793 793 793 793 793 792 792 792 792 792 792 792 793 794 797 800 798 793 792 790 790 788 789 789 790 791 791 792 793 794 794 796 798 799 800 800 800 799 799 801 802 803 805 804 803 800 799 797 795 795 793 793
783 784 785 787 788 787 787 787 787 788 788 788 789 791 792 793 793 793 793 791 791 792 793 793 793 793 792 792 792 793 793 793 793 793 793 793 793 794 794 794 793 793 792 792 792 792 792 792 793 793 793 793 793 793 793 794 797 801 797 793 792 790 790 788 789 789 790 791 791 792 793 794 794 796 797 797 798 798 798 798 798 799 800 802 803 803 802 801 799 797 797 797 795 795
784 783 784 785 786 786 786 786 787 787 788 788 790 791 792 794 793 793 791 790 790 791 792 794 794 793 793 793 794 794 794 794 793 793 793 794 794 794 793 793 793 792 791 791 792 792 792 793 794 794 794 794 794 794 795 797 800 799 797 793 792 790 790 788 789 789 790 791 791 792 793 793 794 794 795 796 797 797 797 797 797 798 799 799 801 801 800 800 798 797 797 797 797 797
785 784 784 784 785 786 786 786 787 787 788 788 790 791 792 793 793 793 790 789 790 791 791 793 792 792 792 792 793 793 793 792 791 790 791 792 793 793 793 792 792 791 791 792 792 792 793 793 794 794 795 795 796 797 799 800 800 797 796 793 792 790 790 788 789 789 790 791 791 792 793 793 794 794 794 795 795 796 795 795 796 796 797 798 799 799 799 798 798 797 797 797 798 799
786 786 786 786 788 788 788 788 788 788 788 788 790 791 792 790 790 792 792 791 790 790 791 792 792 792 792 792 792 792 792 791 791 790 790 791 792 792 792 792 791 791 791 792 792 792 793 793 794 795 796 798 799 800 800 799 796 795 794 793 792 790 790 788 789 789 790 791 791 792 792 792 793 793 794 794 794 795 795 795 795 795 796 797 797 797 797 797 797 797 796 796 799 800
786 786 787 788 789 790 789 789 789 789 789 788 789 789 792 792 792 793 793 792 791 791 792 792 793 793 792 792 792 792 791 791 791 790 790 791 791 792 792 792 791 791 791 792 792 792 793 793 796 797 799 799 800 799 797 796 794 794 793 793 792 790 790 788 789 789 790 791 791 791 792 792 793 793 793 793 793 793 794 794 794 795 795 796 796 796 796 796 796 796 796 797 798 798
787 787 787 789 790 790 790 790 790 790 789 788 788 789 792 792 792 792 793 792 791 791 792 792 793 793 793 792 792 792 791 791 791 790 790 791 791 792 792 792 791 791 791 792 792 792 792 793 797 799 800 798 796 794 795 795 794 794 793 792 792 790 789 788 789 789 790 791 791 791 792 792 792 792 792 792 792 792 792 793 793 794 794 795 795 795 795 795 794 794 795 796 797 797
787 787 788 789 789 790 790 791 792 790 789 789 788 791 791 790 790 790 792 793 791 792 792 793 793 793 793 793 792 792 791 791 791 790 790 791 791 792 792 792 791 791 791 790 790 790 790 789 792 796 795 792 793 794 795 795 794 793 792 792 791 790 789 789 789 789 790 791 791 791 792 792 792 791 791 790 791 791 791 792 792 793 793 793 794 794 794 794 794 794 794 794 794 795
787 787 788 789 790 790 791 792 794 793 790 789 790 789 790 790 791 791 791 791 792 792 793 793 793 793 793 792 792 792 791 791 791 791 791 791 791 792 792 792 791 790 790 789 789 788 789 790 791 792 793 792 793 794 795 795 794 793 793 792 791 790 789 789 789 790 790 791 791 791 792 792 792 791 791 790 790 790 791 791 792 792 792 793 793 793 794 794 794 794 793 793 793 793
787 787 789 790 791 792 792 794 795 795 794 792 791 790 791 791 792 792 792 792 792 792 793 793 793 793 793 793 792 792 792 792 792 792 792 792 792 792 791 791 791 789 789 788 789 790 791 792 792 791 793 794 794 794 795 795 794 793 793 792 792 791 790 789 789 790 790 791 791 791 792 792 792 791 791 790 790 790 790 791 791 792 792 793 793 793 793 793 793 793 793 793 793 792
788 789 791 792 794 794 793 794 796 798 796 795 794 793 793 792 793 793 793 792 792 792 793 793 794 794 793 793 793 793 793 793 793 793 793 793 793 793 791 790 789 788 789 789 789 792 793 794 794 793 794 794 794 795 795 795 794 794 793 793 792 791 790 789 789 790 790 791 791 791 792 792 792 791 791 790 790 790 791 791 791 792 792 793 793 793 793 793 792 792 793 793 793 793
789 791 793 795 797 797 796 796 797 800 798 797 796 796 795 794 793 793 793 792 792 792 793 793 794 794 794 793 793 793 793 793 793 793 793 793 793 793 791 789 788 789 791 792 790 792 793 794 794 794 794 795 795 795 795 795 795 795 794 794 793 791 791 789 790 790 790 791 791 791 792 792 792 791 791 790 790 790 791 791 792 792 793 793 793 793 793 793 793 793 794 794 794 794
792 794 795 797 799 800 800 800 801 802 800 798 797 797 796 795 794 794 793 792 792 792 793 793 794 794 794 794 794 793 793 793 793 793 793 793 793 793 791 789 790 791 793 793 792 792 794 794 794 795 795 795 795 795 796 795 795 795 794 794 792 792 791 790 790 790 791 791 791 791 792 792 792 791 791 790 790 791 791 792 793 793 794 793 793 793 793 794 794 794 794 794 794 794
796 796 797 799 801 804 805 805 807 805 802 800 797 797 797 796 796 795 794 794 793 793 794 794 794 795 795 794 794 794 794 794 793 793 793 794 794 794 791 788 790 791 792 793 794 794 794 794 794 794 794 794 795 796 796 796 796 795 795 795 793 792 791 790 790 790 791 791 791 791 792 792 792 791 791 790 790 791 792 793 793 794 794 793 792 793 794 794 794 794 794 794 794 794
800 800 800 802 805 807 810 812 812 808 805 801 798 798 798 798 797 796 796 794 794 794 794 795 795 795 795 795 794 794 794 794 793 793 793 794 794 793 788 789 790 792 793 794 794 794 794 794 793 793 793 793 794 795 796 796 796 795 795 795 794 793 791 790 790 790 791 791 791 791 792 792 792 791 791 791 791 791 792 793 794 794 793 792 792 793 794 794 794 794 794 794 794 794
802 802 802 805 807 810 812 815 813 810 806 802 800 799 799 799 798 797 797 795 795 795 795 796 796 796 795 795 794 794 794 794 793 793 793 793 793 791 789 790 791 793 794 794 794 794 794 794 793 793 793 793 794 795 796 796 796 796 796 796 795 793 792 790 790 791 791 791 791 791 792 792 792 792 791 791 791 792 793 793 794 793 793 792 792 792 794 794 794 794 794 794 794 794
803 804 805 806 809 811 813 815 813 810 806 803 801 799 800 799 798 798 797 796 795 796 795 796 796 796 795 795 794 794 794 794 793 793 794 794 794 792 792 792 793 793 793 794 794 794 794 793 793 793 792 793 795 795 796 797 797 797 797 797 796 794 793 791 791 791 791 791 791 791 792 792 792 792 791 791 791 792 793 793 794 793 793 792 791 793 794 794 794 794 794 794 794 794
