data/bc4/bc22_elevation.asc
ncols        463
nrows        457
xllcorner    448869.827369408158
yllcorner    6041948.553006536327
cellsize     18.758564863640
NODATA_value 32767
[rows 252 to 293 of 457, columns 94 to 187 of 463]
833 834 835 836 835 834 834 834 835 836 837 838 836 834 833 831 829 830 830 829 828 827 826 824 823 823 825 826 827 828 828 828 828 829 829 830 830 830 831 832 832 833 833 833 833 833 833 833 832 832 832 830 828 827 825 826 826 826 826 827 828 829 831 822 820 816 813 811 810 809 809 806 809 813 816 815 816 818 816 820 820 819 819 819 819 819 819 820 820 820 819 819 819 817
832 834 835 835 834 833 833 833 834 835 836 837 836 834 833 832 830 830 829 829 827 826 825 823 822 823 824 825 827 827 827 828 828 828 828 829 829 829 829 830 831 832 832 832 832 832 832 832 832 832 832 829 828 827 825 825 825 825 825 826 827 829 830 824 819 815 812 810 809 808 808 805 810 815 816 814 815 817 817 819 819 819 819 819 819 819 819 820 819 820 819 819 819 817
832 833 834 834 834 833 832 831 833 834 834 836 835 833 832 831 829 829 828 827 827 825 824 823 821 822 823 824 826 826 826 827 827 827 827 828 828 828 829 829 830 830 830 831 831 831 832 832 832 832 831 829 828 826 825 824 824 824 824 825 826 827 827 824 819 815 811 808 808 808 808 808 813 816 815 812 813 815 816 818 819 819 819 819 819 819 819 820 819 819 819 819 818 817
832 832 833 834 833 832 830 829 831 832 834 835 834 833 831 829 827 827 827 826 826 825 823 821 820 821 822 824 825 825 825 826 826 826 826 826 827 827 828 829 829 829 829 831 830 831 832 832 832 832 830 829 828 825 824 823 823 823 823 824 825 826 825 821 818 814 810 807 807 808 807 811 815 816 814 811 812 813 815 817 818 818 819 819 819 819 819 818 818 818 818 818 818 816
832 833 833 833 831 830 829 829 830 832 833 834 831 830 831 827 825 825 825 825 825 823 822 820 818 820 821 823 824 825 825 824 826 826 826 825 826 827 827 827 827 828 828 829 830 831 831 831 831 831 830 828 827 825 824 823 823 823 823 824 824 824 824 820 817 812 809 807 807 808 806 810 814 816 814 811 811 813 814 816 817 817 818 818 818 818 817 817 817 817 817 817 819 819
832 833 833 832 830 829 827 827 829 830 832 832 830 828 827 824 823 823 823 824 824 822 820 819 817 819 821 822 823 824 824 824 825 825 825 825 826 826 825 825 825 826 827 828 829 829 830 830 830 830 829 827 826 825 823 823 823 823 823 823 823 823 822 819 816 812 809 807 807 808 806 804 811 817 815 809 809 812 813 815 816 816 817 817 817 817 816 816 815 816 818 819 820 820
832 832 832 831 830 828 827 826 827 829 830 830 829 826 823 821 821 821 823 823 823 822 820 818 816 818 820 821 823 823 823 823 823 824 824 824 825 825 824 823 824 825 825 827 827 828 828 828 829 829 828 826 825 824 823 823 822 822 822 822 821 820 820 818 815 812 809 807 807 808 806 807 812 817 816 807 808 810 812 814 815 815 816 816 817 816 815 814 814 818 819 820 820 820
830 831 831 830 829 827 826 825 826 827 828 829 827 825 823 820 820 821 822 822 823 821 819 817 816 817 819 820 822 822 822 822 823 823 823 824 824 824 824 823 823 823 824 825 825 826 827 827 827 827 827 826 825 824 823 823 822 822 822 821 820 819 818 818 815 812 809 807 807 808 808 810 812 815 816 809 807 810 813 814 813 815 814 816 815 813 812 808 811 819 820 820 819 820
827 829 830 829 828 826 825 825 826 826 828 828 826 824 822 820 819 820 821 821 822 820 819 817 816 817 819 819 821 821 822 822 823 823 823 824 824 824 823 822 822 822 823 824 824 824 825 825 826 826 826 826 825 824 823 823 822 822 821 821 820 819 818 818 816 813 809 807 807 808 808 809 810 812 815 814 810 812 815 814 813 814 814 814 812 809 806 805 811 818 819 819 819 819
824 826 827 828 827 827 825 824 825 826 826 827 826 824 822 819 819 819 821 821 822 820 819 817 816 818 818 819 820 821 822 822 823 823 823 824 824 823 822 822 821 821 823 823 823 823 823 824 825 825 825 825 824 824 823 822 822 821 820 820 819 819 818 818 817 814 809 807 807 808 806 805 807 810 813 816 816 814 816 813 812 813 812 810 808 805 803 807 815 816 817 818 819 819
822 823 825 825 826 825 825 824 825 825 826 825 825 823 821 818 819 819 820 821 821 820 819 817 816 817 818 819 820 821 822 822 823 823 823 823 823 823 821 821 819 819 822 822 823 823 823 823 824 824 824 824 823 823 822 821 820 820 819 818 818 818 818 818 817 814 809 807 807 807 806 803 803 805 808 810 813 815 814 812 810 809 808 806 803 803 807 811 815 816 817 817 819 820
819 821 822 823 823 823 823 823 823 824 825 825 823 821 819 818 819 819 820 821 821 820 818 817 816 816 817 818 819 820 820 822 823 823 823 823 823 823 821 820 818 819 820 822 823 823 823 823 823 823 823 822 822 821 821 820 819 818 818 817 817 817 818 817 817 815 809 807 807 807 807 804 803 803 802 804 808 811 812 809 808 806 804 805 806 804 807 811 815 815 816 817 818 820
816 817 820 820 820 819 820 820 821 822 823 824 820 819 819 817 818 819 820 821 820 819 818 816 816 816 816 817 818 819 819 821 822 823 823 822 822 822 820 820 819 818 819 821 823 822 822 822 822 821 821 821 820 820 820 819 818 817 817 817 817 817 817 817 817 815 809 807 806 806 806 805 804 803 801 802 803 805 807 806 805 803 804 807 810 808 808 810 814 815 816 817 817 819
812 813 816 816 817 817 817 817 818 819 821 819 820 819 818 817 817 819 819 820 821 819 818 816 815 816 816 816 817 818 819 821 822 823 823 822 822 822 820 819 818 817 819 821 822 822 821 820 819 819 819 819 819 819 818 818 817 817 817 817 817 817 817 816 815 814 810 807 806 806 806 805 804 803 803 802 801 801 803 804 802 803 806 809 811 811 810 811 813 814 815 815 815 817
807 809 812 812 813 814 814 814 816 817 818 817 817 817 816 816 817 818 819 819 820 818 818 816 815 816 816 816 817 818 820 821 822 823 823 822 822 822 820 819 817 817 819 819 819 819 818 817 817 817 817 817 817 818 818 817 817 817 817 817 817 817 817 815 814 812 810 807 807 805 805 804 805 804 804 803 802 802 802 802 802 804 805 808 810 811 811 812 812 813 813 813 813 814
804 805 808 809 809 810 811 812 813 814 816 815 815 815 815 815 817 817 818 819 819 818 817 816 815 815 816 816 816 818 819 821 822 823 823 822 822 822 820 819 817 817 818 817 817 817 815 815 815 815 815 816 816 817 817 817 817 816 816 816 816 817 817 815 813 811 809 807 807 805 805 804 805 805 805 804 803 802 802 802 803 805 806 808 809 810 810 811 811 811 810 810 810 812
802 803 803 805 806 807 808 809 812 812 814 814 814 815 815 815 816 817 818 819 819 818 816 815 815 815 815 815 816 817 819 821 822 823 823 822 822 822 820 819 816 816 817 818 818 818 816 814 814 814 814 815 816 816 817 816 816 816 816 816 816 816 816 815 812 811 809 808 807 805 805 804 805 805 804 804 803 802 802 802 803 805 806 808 808 809 809 810 810 809 809 809 809 809
801 801 801 801 803 804 805 806 811 811 812 813 813 814 814 815 816 816 817 818 818 817 816 815 814 814 815 815 816 817 819 820 821 822 822 822 822 822 819 818 815 815 816 818 819 820 817 815 814 813 813 814 815 816 816 816 815 815 815 815 816 816 816 815 813 811 809 808 806 806 805 804 804 804 804 804 803 802 802 802 803 804 806 806 807 808 809 809 809 809 808 807 807 808
801 801 801 801 801 802 802 802 807 808 810 811 813 813 814 814 815 816 817 817 818 816 815 814 813 814 814 814 815 816 818 820 821 822 822 822 822 821 819 816 815 814 816 817 818 820 818 815 814 812 812 813 814 815 815 815 815 815 815 815 815 816 816 814 813 811 810 808 807 806 805 804 804 804 804 803 802 802 801 802 802 803 804 805 806 806 808 808 808 808 807 806 806 807
801 801 801 801 801 801 801 801 804 805 807 809 809 811 812 814 814 815 816 817 817 815 814 813 813 813 813 814 814 816 818 819 821 821 821 822 822 820 818 816 814 813 815 817 818 820 818 816 814 811 811 812 813 814 815 815 815 815 815 815 815 816 816 814 813 812 810 809 808 806 805 803 803 802 802 801 802 802 801 801 801 802 803 804 804 805 806 807 807 806 806 805 805 805
801 801 801 801 801 801 801 801 802 802 804 806 807 809 811 813 814 814 815 816 816 814 814 813 813 813 813 814 814 816 817 819 820 821 821 822 822 820 818 816 813 813 814 817 818 820 818 816 815 811 810 812 812 813 814 814 814 814 814 815 815 816 816 814 813 812 810 809 808 807 806 804 802 801 799 800 802 802 801 800 801 801 802 802 803 804 805 806 806 805 804 804 803 804
801 801 801 801 801 801 801 801 801 801 802 804 805 807 810 811 812 813 814 814 815 814 813 813 813 813 813 813 814 815 816 818 820 821 821 822 822 820 818 816 813 813 814 816 818 820 818 817 815 811 811 811 811 813 813 813 813 813 814 814 815 816 816 814 813 812 810 809 808 807 806 804 803 801 799 800 802 801 801 800 800 801 801 801 802 803 804 804 804 804 803 803 802 803
801 801 801 801 801 801 801 801 801 801 801 803 804 807 808 810 811 812 813 813 814 814 813 813 812 812 813 813 813 814 816 818 819 820 820 821 821 820 817 816 813 812 814 817 818 820 817 814 812 810 811 811 811 812 812 813 813 813 814 814 815 815 816 814 813 812 810 809 809 807 806 805 804 801 800 799 802 802 800 799 799 800 800 800 801 802 803 803 803 803 802 802 801 802
801 801 801 801 801 801 801 801 801 801 801 802 804 806 807 809 810 810 811 811 812 812 812 812 812 812 812 812 812 813 815 817 819 819 819 820 820 819 817 815 812 812 814 816 818 819 818 815 813 811 810 811 811 812 812 812 813 813 814 814 815 815 815 814 813 812 810 809 809 807 807 805 804 802 801 800 801 802 801 800 799 799 800 800 800 801 802 803 803 802 801 800 800 801
801 801 801 801 801 801 801 801 801 801 801 801 803 805 807 807 808 808 809 810 811 810 810 811 811 811 811 811 811 813 815 816 818 818 818 819 819 818 816 813 812 812 814 816 818 819 818 816 814 811 810 811 811 812 812 812 813 813 813 814 814 815 815 814 813 812 810 809 809 807 807 805 804 803 801 800 801 801 802 801 800 799 799 799 800 800 801 802 801 801 800 799 799 799
801 801 801 801 801 801 801 801 801 801 801 801 803 805 806 807 807 807 808 808 809 809 809 810 811 811 810 810 810 812 814 816 817 817 818 817 818 816 815 813 812 812 814 816 818 819 818 817 815 812 810 811 811 812 812 812 813 813 813 813 814 814 815 813 812 812 810 809 808 807 807 805 804 802 801 800 800 800 801 802 802 800 799 799 799 799 800 801 801 800 799 798 798 798
801 801 801 801 801 801 801 801 801 801 801 801 802 803 803 804 805 806 807 807 807 809 809 810 810 810 810 810 810 811 813 815 816 816 817 817 817 815 815 814 812 812 815 816 817 818 817 815 814 813 810 811 811 812 812 812 812 813 813 813 813 814 814 813 812 812 810 810 808 807 807 805 804 802 801 800 800 800 800 800 801 801 800 799 799 799 800 800 800 799 798 798 796 796
801 801 801 801 801 801 801 801 801 801 801 801 801 801 801 801 804 805 806 807 807 808 808 809 809 809 809 810 810 811 812 813 814 815 815 816 816 816 815 814 812 813 814 816 817 818 816 815 814 813 810 811 812 812 812 812 812 812 813 813 813 814 814 813 812 812 811 810 808 808 807 805 804 802 801 800 800 800 799 799 801 802 801 800 800 800 800 800 799 798 797 796 796 796
801 801 801 801 801 801 801 801 801 801 801 801 801 801 801 801 802 805 805 806 807 807 808 808 808 809 809 809 810 811 812 813 814 814 814 815 815 815 814 813 812 812 814 815 817 817 814 814 812 810 811 812 813 812 812 812 812 812 812 813 813 814 814 813 813 811 811 810 809 808 807 806 804 803 802 801 800 800 799 799 800 802 801 800 801 800 800 800 798 798 796 795 797 796
801 801 801 801 801 801 801 801 801 801 801 801 801 801 801 801 801 803 805 806 806 806 807 807 807 808 808 809 810 811 811 812 813 813 814 814 814 814 813 813 812 812 813 815 817 816 813 813 811 811 813 813 813 812 812 812 812 812 812 813 813 814 814 813 813 812 811 810 809 808 808 806 805 803 802 801 800 800 799 799 800 801 801 801 801 801 800 800 798 797 796 797 798 798
801 801 801 801 801 801 801 801 801 801 801 801 801 801 801 801 801 802 803 805 805 805 806 806 806 807 808 808 809 810 810 812 812 813 813 814 813 814 813 813 812 812 812 814 815 815 813 811 812 812 813 812 813 812 812 812 812 812 813 813 813 814 814 813 813 812 811 811 809 809 808 806 805 803 802 802 800 800 799 799 800 800 801 801 801 800 800 799 798 796 795 798 799 799
802 802 801 801 801 801 801 801 801 801 801 801 801 801 801 801 801 801 801 803 805 805 805 805 806 806 806 807 808 809 810 811 811 811 811 810 812 813 813 813 812 811 809 811 812 813 812 811 813 811 809 810 811 812 812 813 813 813 813 814 814 814 814 813 813 812 812 811 810 809 809 807 806 804 803 802 801 801 799 799 800 800 801 801 800 800 800 799 798 795 796 798 799 799
802 802 802 801 801 801 801 801 801 801 801 801 801 801 801 801 801 801 801 801 803 803 803 805 805 805 805 806 807 807 809 809 809 808 806 805 811 812 812 812 812 808 803 805 809 810 811 813 811 808 808 809 810 812 813 813 813 814 814 814 814 814 814 814 813 812 812 811 810 809 809 807 807 805 804 803 802 801 800 800 800 801 801 801 801 800 800 800 798 795 796 798 799 799
804 803 803 803 802 802 801 801 801 801 801 801 801 801 801 801 801 801 801 801 801 801 801 804 804 804 804 804 805 806 807 808 808 804 801 804 810 811 812 809 805 800 804 807 812 811 813 812 809 806 808 810 811 813 813 814 814 814 814 814 814 815 814 814 813 813 812 811 810 809 809 807 807 805 805 804 803 801 801 801 801 801 802 802 802 801 800 800 799 796 798 798 799 799
808 806 805 805 805 805 804 801 801 801 801 801 801 801 801 801 801 801 801 801 801 801 801 801 801 801 803 804 804 805 805 807 806 804 804 806 810 809 805 802 804 805 809 811 814 814 812 811 808 806 808 810 811 813 814 814 814 814 814 814 815 815 815 814 813 813 812 811 810 809 809 807 807 806 805 804 804 802 802 801 801 802 802 803 802 802 801 801 800 798 799 799 799 799
812 810 810 809 808 808 807 804 802 801 801 801 801 801 801 801 801 801 801 801 801 801 801 801 801 801 802 802 803 804 804 806 805 805 806 805 805 804 800 803 806 809 811 812 814 814 812 810 808 806 808 810 811 814 814 814 814 814 814 814 815 815 815 814 814 813 812 812 810 809 809 807 807 806 805 805 804 803 802 802 803 803 803 804 803 803 802 802 800 797 795 798 799 799
817 815 815 814 812 811 809 807 804 802 801 801 801 801 801 801 801 801 801 801 801 801 801 801 801 801 801 801 802 802 803 804 804 805 804 803 801 800 800 806 808 809 811 812 814 814 812 810 808 806 808 810 811 814 814 814 814 814 814 814 815 816 816 814 814 813 813 812 810 810 810 808 807 806 806 805 804 804 803 803 804 804 805 805 805 804 803 803 800 798 795 797 800 799
821 819 818 816 815 813 811 808 805 803 801 801 801 801 801 801 801 801 801 801 801 801 801 801 801 801 801 801 801 801 801 803 803 803 802 802 801 800 804 806 808 809 811 812 813 813 812 809 807 806 808 810 811 814 814 814 814 814 815 815 816 817 816 815 814 813 813 813 812 812 811 809 808 807 807 806 806 805 804 804 805 806 806 806 806 805 804 803 801 799 796 796 800 798
822 821 819 817 816 814 813 810 807 805 802 801 801 801 801 801 801 801 801 801 801 801 801 801 801 801 801 801 801 801 801 801 801 801 802 800 799 802 804 806 808 809 811 812 813 813 811 809 808 806 809 810 811 814 814 814 814 814 815 816 817 818 817 815 814 814 814 813 813 813 812 810 809 808 807 806 807 806 806 806 806 807 807 807 807 806 805 804 802 799 797 796 797 797
824 822 820 819 817 816 814 811 809 806 803 802 802 801 801 801 801 801 801 801 801 801 801 801 801 801 801 801 801 801 801 801 801 801 801 800 801 803 805 807 808 808 811 811 813 813 811 809 808 807 809 810 812 814 814 814 814 815 815 816 817 818 818 815 814 815 815 814 813 813 812 810 810 809 807 807 807 807 807 807 807 807 807 807 807 806 805 804 803 801 799 797 795 796
825 823 821 820 818 817 816 814 812 808 804 804 804 803 801 801 801 801 801 801 801 801 801 801 801 801 801 801 801 801 801 801 801 801 801 802 802 804 805 807 807 808 809 810 813 813 812 810 808 807 809 810 812 814 814 814 814 815 815 815 816 817 817 815 815 815 815 814 813 813 812 811 811 809 807 807 807 807 808 808 808 808 808 808 807 807 806 805 805 802 801 799 798 795
826 824 822 821 819 819 818 816 815 812 810 808 806 804 801 801 801 801 801 801 801 801 801 801 801 801 801 801 801 801 801 801 801 801 801 803 802 803 805 806 807 808 807 810 813 813 812 810 808 807 809 810 813 814 815 815 815 815 815 815 816 816 817 816 816 815 815 814 814 814 813 812 812 810 808 807 808 808 809 809 809 809 809 808 808 807 807 806 805 804 803 801 800 797
