data/bc4/bc22_elevation.asc
ncols        463
nrows        457
xllcorner    448869.827369408158
yllcorner    6041948.553006536327
cellsize     18.758564863640
NODATA_value 32767
[rows 378 to 419 of 457, columns 188 to 281 of 463]
815 816 817 818 819 819 819 818 818 816 814 812 810 808 807 805 804 801 797 797 799 801 802 803 803 804 806 809 811 813 814 816 817 815 814 813 818 818 817 814 813 813 812 810 809 807 805 803 803 804 804 804 803 801 800 799 799 798 797 797 797 797 797 797 797 797 796 796 796 796 797 797 797 797 797 797 797 797 797 797 798 798 798 798 798 797 797 797 797 796 796 796 796 796
816 817 819 821 821 821 821 819 819 817 815 813 810 809 808 805 805 802 800 799 801 802 804 804 806 809 813 815 816 818 820 819 819 812 803 807 813 816 816 814 813 813 812 811 808 807 805 804 804 804 804 804 803 802 802 800 800 799 799 798 797 797 797 798 798 797 797 796 796 796 797 797 797 797 797 797 797 797 798 798 798 799 799 799 799 798 798 798 797 797 797 797 797 797
817 819 820 822 822 822 821 820 820 818 816 814 811 810 809 807 806 805 803 802 802 805 808 810 812 815 818 819 819 820 820 819 817 815 807 809 810 813 815 814 814 813 813 811 809 807 805 804 804 804 805 805 804 804 803 802 801 800 799 798 797 797 798 798 798 797 797 796 796 796 797 797 798 798 798 797 798 798 798 799 799 799 799 799 799 799 799 799 798 798 798 798 798 797
818 820 820 822 822 822 822 821 821 818 817 814 813 812 812 808 806 806 805 803 805 809 813 815 817 819 819 820 820 819 819 818 816 815 810 811 813 814 815 815 814 814 813 812 809 807 805 805 805 806 806 806 805 805 804 803 802 800 799 798 797 797 798 798 798 797 797 797 796 796 797 797 798 798 798 797 798 799 798 799 799 799 799 799 799 799 799 799 799 798 798 798 798 797
819 820 821 822 822 822 822 821 821 820 818 817 815 813 814 811 808 806 804 804 809 814 817 818 819 820 819 819 819 819 818 817 815 815 813 813 814 815 814 815 814 814 814 812 810 808 806 805 806 807 806 807 806 805 804 803 802 800 799 798 797 797 798 798 798 797 797 796 796 796 797 797 798 798 798 798 798 799 799 799 800 800 800 800 800 799 799 799 799 799 799 799 799 798
820 820 822 822 823 822 822 821 821 821 820 819 817 815 814 811 808 806 804 808 813 817 818 819 819 820 820 819 818 817 816 816 815 814 814 814 814 814 814 814 814 814 814 812 811 809 808 806 807 807 807 808 806 805 803 803 802 800 799 798 797 797 797 798 798 797 797 796 796 796 797 797 798 798 799 799 799 799 800 800 801 801 801 800 800 800 800 800 799 799 799 799 800 799
820 821 822 823 823 822 822 821 821 821 821 820 819 817 814 810 807 804 805 811 817 818 818 819 819 819 821 819 818 816 816 815 814 814 813 813 813 814 814 814 814 814 814 813 812 810 809 808 808 808 808 808 806 805 804 802 801 799 798 798 797 797 797 797 797 797 797 796 796 796 797 797 798 799 799 800 800 800 801 801 802 802 801 801 800 800 800 800 799 799 799 799 800 800
822 823 824 825 824 823 822 821 821 821 821 820 820 818 814 809 806 803 808 815 818 818 818 818 818 818 822 821 820 818 818 814 814 813 813 813 813 813 813 813 814 814 814 814 812 811 810 809 809 808 808 807 806 805 804 802 801 799 798 798 797 797 797 797 797 797 796 796 796 796 797 798 798 799 799 800 800 801 802 802 802 802 802 801 801 800 800 800 799 799 799 800 800 800
825 827 826 826 826 825 823 822 821 821 821 820 820 816 812 809 805 805 812 817 817 818 817 817 817 817 822 823 822 821 821 819 816 812 812 813 814 817 811 813 814 814 815 814 813 810 808 809 808 808 807 807 805 804 803 802 801 799 798 798 797 797 797 797 797 797 796 796 796 796 797 798 798 799 800 800 800 801 802 802 802 802 802 801 801 801 800 800 799 799 799 800 800 801
830 829 829 827 827 826 824 824 822 821 820 820 818 814 811 808 804 807 812 815 817 817 817 817 817 818 822 825 824 823 823 822 821 820 816 816 818 817 809 812 813 814 815 812 810 806 807 809 808 808 807 807 805 804 802 802 801 799 798 798 797 797 797 797 797 797 796 796 796 797 797 798 799 799 800 801 801 802 802 802 803 803 803 802 802 801 801 800 800 800 800 800 801 802
829 828 828 828 828 827 826 825 824 822 820 819 814 812 810 807 804 805 810 813 816 817 818 817 818 819 823 824 823 821 821 821 822 822 820 820 821 817 808 810 811 810 809 808 805 803 807 809 808 808 806 806 805 804 803 801 801 799 798 797 797 797 796 796 796 796 796 796 796 797 798 798 799 800 800 801 802 802 803 803 803 803 803 803 802 802 801 801 801 801 801 801 802 802
828 827 827 828 828 828 827 827 826 823 820 818 814 812 809 806 804 804 807 810 814 817 818 819 819 820 823 822 821 819 818 818 818 818 820 820 819 817 810 809 809 807 804 803 801 802 806 809 807 805 804 805 804 803 802 801 800 799 798 797 797 796 796 795 795 795 796 796 796 797 798 799 800 800 801 802 802 802 803 803 804 804 803 803 803 802 802 802 802 802 802 803 803 803
827 827 827 827 827 828 828 828 827 823 820 818 815 812 809 807 804 804 806 808 812 816 818 819 820 822 822 821 820 820 818 816 816 816 817 816 814 814 815 812 810 809 806 805 803 801 800 804 803 802 802 802 802 801 801 801 800 799 798 797 797 796 796 795 795 795 796 796 796 797 798 799 800 801 801 802 802 802 802 803 804 804 804 803 803 803 803 803 803 803 803 804 804 805
826 826 826 827 827 827 827 828 826 822 818 817 815 812 809 807 805 804 805 808 812 815 817 818 821 822 821 821 821 820 819 817 815 814 814 814 814 815 815 813 813 812 811 810 807 804 802 802 802 800 800 800 800 800 800 800 800 799 798 797 797 796 795 794 795 795 796 796 796 797 798 800 801 801 802 802 803 802 802 803 804 804 804 803 803 803 804 803 803 804 804 805 806 807
825 825 826 826 826 826 825 824 823 820 818 816 815 812 810 808 805 805 807 809 813 814 815 818 819 821 821 821 821 821 819 817 816 814 814 815 815 816 816 815 815 815 814 812 810 808 805 804 803 801 800 800 800 800 800 800 800 799 798 797 797 795 795 794 794 795 795 796 796 798 799 801 801 801 802 802 803 802 802 803 804 805 804 804 804 803 804 804 804 804 805 806 807 808
824 824 825 824 824 823 823 821 821 819 818 816 814 813 811 809 807 806 809 810 812 814 815 817 818 820 820 821 821 821 820 818 816 814 814 815 816 817 817 816 816 815 814 813 812 810 808 806 805 803 801 801 801 800 800 800 800 798 798 797 796 795 794 794 794 794 795 796 797 799 800 801 802 802 803 803 803 802 803 803 805 805 805 805 804 804 804 805 805 805 807 807 809 809
823 822 822 821 821 820 821 821 821 820 818 816 814 813 812 811 809 809 810 810 811 815 817 817 817 818 819 819 820 820 819 818 816 815 814 815 817 817 818 816 816 815 813 813 811 810 810 809 806 805 802 802 802 801 800 800 799 798 797 796 796 795 794 793 793 794 795 796 797 799 800 801 803 803 803 803 803 802 803 804 806 806 805 805 805 805 805 806 806 807 808 808 808 809
821 820 821 820 820 821 821 822 822 821 818 815 814 813 812 812 811 812 811 810 811 816 819 818 817 817 818 818 819 819 818 817 816 814 815 815 816 817 817 816 815 814 813 812 811 810 810 809 808 805 803 801 801 800 799 799 799 798 797 796 795 795 794 793 794 794 795 796 797 799 800 802 803 803 804 805 804 804 806 806 807 807 806 806 806 806 806 807 807 807 808 808 809 810
819 820 821 821 821 822 822 821 820 818 817 815 813 812 812 811 811 812 813 812 813 818 819 818 817 816 817 817 817 818 817 815 815 814 814 815 816 816 817 815 815 814 813 812 811 810 809 809 809 808 805 802 800 800 799 798 798 797 797 796 795 795 794 793 794 794 795 796 797 798 800 802 804 804 804 804 805 806 807 807 807 807 807 807 807 807 807 807 808 808 808 808 809 810
818 819 820 821 821 819 819 818 817 815 815 813 812 811 811 811 810 812 815 815 816 817 817 817 815 815 815 815 816 816 816 815 814 814 814 814 815 816 816 815 814 813 812 811 811 810 810 809 809 809 806 803 801 800 799 797 797 796 796 796 795 795 794 793 794 794 795 796 797 799 801 802 804 804 804 804 805 808 807 807 807 807 807 807 807 807 807 808 808 809 809 809 810 810
818 818 819 820 819 818 817 815 814 813 812 811 811 811 810 810 809 812 815 817 816 816 816 815 814 814 814 814 815 815 815 814 814 813 813 814 814 816 815 815 813 813 812 810 810 810 809 809 809 808 805 803 802 800 798 797 797 796 796 795 795 794 794 793 794 794 795 796 797 799 801 802 804 804 805 805 806 808 808 808 808 808 808 808 808 807 808 809 809 809 810 810 810 810
816 817 818 819 818 816 815 813 812 811 811 810 810 810 809 810 809 811 815 816 816 815 814 814 813 812 813 814 814 814 814 814 813 813 813 814 814 814 814 814 813 812 811 810 810 809 809 809 808 806 803 801 800 798 797 797 797 796 796 795 795 794 794 793 794 794 795 796 797 799 801 803 805 805 806 807 807 808 808 808 809 809 808 808 808 808 808 809 809 810 810 810 810 810
812 814 816 817 817 815 813 811 810 810 810 810 810 810 809 809 809 811 814 814 814 814 812 812 811 812 811 813 813 813 813 813 812 812 812 812 813 813 813 812 812 811 810 810 809 809 809 809 806 803 802 799 799 798 797 797 797 796 796 795 795 794 794 794 794 795 795 796 797 799 802 804 806 806 806 807 808 808 809 809 810 810 809 808 808 808 808 809 810 810 810 810 811 811
806 809 812 815 815 813 811 809 807 807 808 809 809 809 808 808 808 810 812 812 812 812 811 810 810 810 810 811 812 812 812 811 811 810 810 811 811 811 811 810 810 810 809 810 809 809 809 806 804 802 801 799 799 798 797 797 797 796 795 795 795 794 794 794 794 795 795 796 798 801 803 805 807 807 807 808 808 809 810 810 811 810 810 809 808 808 809 809 810 810 810 811 811 811
800 804 806 809 811 811 808 806 805 805 805 805 806 807 807 807 807 809 809 810 810 810 809 809 808 808 808 809 810 810 810 809 809 808 808 809 809 810 810 809 808 808 808 809 809 809 807 805 804 802 801 799 799 798 797 797 796 796 795 795 795 795 794 794 794 795 795 796 798 801 804 806 808 808 807 808 808 809 811 812 813 812 811 810 809 808 809 810 810 811 811 811 811 811
794 797 801 803 805 805 804 803 802 802 801 801 802 804 806 805 806 807 807 808 808 808 808 807 807 806 807 808 808 809 808 808 807 807 807 807 808 809 809 809 807 807 806 808 809 808 805 804 803 802 801 799 799 798 797 797 796 796 795 795 795 795 794 794 794 795 795 796 798 801 804 807 808 808 807 807 808 810 811 813 813 813 811 810 808 809 809 811 811 812 812 812 811 811
795 794 794 797 799 799 798 799 798 798 797 797 798 802 803 804 806 805 805 805 806 806 805 805 805 805 805 806 807 807 807 806 805 805 805 806 807 808 808 807 807 806 806 806 807 806 803 802 802 802 801 799 799 798 797 797 796 796 795 795 795 795 794 794 794 794 795 796 798 801 804 807 807 806 807 807 807 809 810 812 812 812 811 810 808 809 809 811 811 812 812 812 811 811
796 795 793 794 794 794 794 794 794 794 794 794 794 798 802 804 806 803 803 804 804 804 803 803 803 804 805 805 806 806 805 805 804 804 804 805 806 807 807 806 805 804 805 805 805 803 801 801 800 800 800 799 798 798 797 796 796 796 795 795 795 795 794 794 794 794 795 796 797 800 803 806 807 806 806 807 807 808 808 808 809 808 809 808 808 809 809 811 812 812 812 812 811 811
797 797 796 795 794 793 792 792 792 793 793 792 792 796 804 805 805 802 802 803 803 802 802 802 802 803 804 804 805 805 804 804 803 803 804 804 805 806 806 804 802 801 803 803 801 801 800 799 799 798 798 798 797 797 796 796 796 795 795 794 794 794 794 794 794 794 795 796 797 800 802 805 806 806 806 806 806 806 807 808 808 809 807 807 808 809 810 811 812 812 812 812 811 811
799 799 799 799 797 797 796 796 796 795 795 795 794 800 803 803 803 801 801 801 801 800 800 801 802 803 803 803 802 802 802 803 802 802 803 804 804 804 802 799 799 800 802 801 800 799 799 798 798 797 797 797 796 796 796 796 795 795 794 794 794 794 794 794 794 794 795 795 797 800 802 805 806 806 807 806 806 806 808 811 812 812 809 806 808 809 810 811 812 813 812 812 811 811
800 801 802 802 801 800 799 797 796 797 798 798 797 801 802 802 801 802 801 801 801 800 798 799 800 801 801 800 800 801 801 801 801 802 801 801 802 799 798 798 798 799 801 800 799 798 797 798 796 797 796 795 796 796 796 796 795 795 794 794 794 794 794 794 794 794 794 795 798 800 802 804 806 806 807 807 807 809 811 814 816 814 811 807 808 810 811 812 812 813 812 812 811 811
798 800 802 802 802 800 798 796 795 797 799 800 800 801 801 801 800 801 801 801 801 800 798 798 798 798 798 798 798 798 798 799 799 799 798 798 799 798 798 799 799 800 799 799 798 797 797 796 796 796 795 795 796 796 796 796 795 794 794 793 794 794 795 795 794 794 794 795 797 799 801 803 805 806 807 807 808 811 812 815 816 813 809 807 809 811 811 812 811 811 811 811 811 810
797 798 799 800 800 799 798 795 795 797 798 800 801 801 801 800 800 800 801 801 801 800 799 799 798 797 797 797 797 797 797 798 797 797 797 797 798 800 800 800 800 800 799 798 797 797 796 795 795 795 795 795 796 796 797 796 795 795 794 793 793 794 794 795 795 794 794 795 796 798 800 803 804 805 806 807 808 810 812 814 816 812 808 807 810 810 810 810 809 809 809 809 809 810
794 796 796 797 797 796 796 794 795 796 797 799 800 800 800 799 799 799 800 800 800 800 800 799 798 798 798 797 797 797 797 797 797 797 797 798 800 800 800 800 800 799 799 797 797 796 795 795 794 794 794 795 795 796 797 797 795 795 794 793 793 794 794 794 795 795 794 794 796 798 799 802 803 804 805 806 807 809 812 813 815 811 807 807 809 809 809 808 808 807 808 808 808 809
792 793 793 795 794 793 793 793 794 795 797 797 798 798 798 798 798 798 799 799 800 799 799 799 799 798 798 797 796 796 796 797 797 797 798 798 799 799 799 799 799 798 798 797 796 795 794 794 794 794 793 794 795 796 797 797 795 795 793 793 793 794 794 794 795 795 794 794 795 797 799 801 802 803 804 805 806 808 810 813 814 810 807 807 808 808 807 807 806 806 807 807 808 808
793 793 793 793 793 793 793 793 793 793 795 795 796 796 796 797 797 798 798 798 799 799 799 798 798 798 797 797 796 795 796 796 796 796 797 797 798 798 798 798 798 797 797 796 795 794 793 793 793 793 793 794 795 795 797 797 795 795 793 793 793 794 794 794 795 795 794 793 794 796 798 800 801 801 802 803 804 807 809 811 812 809 807 807 807 807 806 806 805 805 806 806 807 807
794 794 794 793 793 793 793 793 793 793 793 794 795 795 795 796 796 796 797 797 798 798 798 797 797 797 797 796 795 795 796 796 796 796 795 796 796 796 796 796 796 797 797 795 793 793 792 792 792 793 793 794 795 795 797 797 795 795 793 793 793 794 794 794 795 795 794 792 794 796 797 798 800 800 802 802 803 805 806 808 810 807 807 808 809 806 806 805 805 805 805 805 806 806
794 794 794 794 794 794 794 794 794 794 793 793 793 793 795 794 796 796 796 797 797 797 796 796 796 796 795 795 795 795 795 795 795 795 795 795 796 796 796 796 796 796 795 794 793 792 791 792 792 793 793 794 795 795 797 797 795 795 793 793 793 794 794 794 795 795 795 794 794 795 796 798 798 799 800 801 802 803 804 806 807 806 808 808 808 806 804 803 803 803 804 804 804 804
794 794 794 794 794 794 794 794 794 794 793 793 793 793 794 794 795 794 795 796 796 796 795 795 795 795 794 794 794 794 794 794 794 794 794 794 795 795 795 795 795 795 794 793 793 792 792 792 792 792 792 794 794 796 797 796 795 795 793 793 793 794 794 794 794 795 794 794 794 795 796 797 797 798 798 800 800 801 803 804 805 805 806 806 806 804 802 801 800 800 801 802 803 802
794 794 794 794 794 794 794 794 794 794 794 794 794 793 793 794 794 793 794 794 794 794 794 794 794 794 794 793 793 793 793 793 793 793 793 794 794 794 794 794 794 794 793 792 792 792 792 792 792 792 792 793 794 796 796 796 795 794 793 793 793 794 794 794 794 794 794 793 794 795 795 796 796 796 797 798 798 800 801 802 802 802 803 804 804 801 800 799 798 798 798 800 801 800
794 794 794 794 794 794 794 794 794 794 794 794 793 793 793 793 793 793 792 792 792 792 793 793 793 793 793 793 792 792 792 792 792 793 793 793 793 793 793 793 793 793 792 792 792 792 792 792 792 792 792 793 794 795 796 796 795 794 794 793 793 794 794 794 794 794 794 793 794 795 795 796 796 796 797 797 797 798 798 800 800 800 800 801 801 799 798 798 797 797 797 798 798 798
794 794 794 794 794 794 794 794 794 794 794 794 794 793 793 792 792 792 792 792 792 792 792 792 793 793 793 793 792 792 792 792 792 792 792 792 792 792 792 792 792 791 792 792 792 792 792 792 792 792 792 793 794 795 796 796 795 794 794 794 794 794 794 794 794 794 794 794 794 794 795 795 795 795 796 796 796 796 797 797 798 798 799 799 799 799 797 797 796 796 796 796 797 797
